<?xml version="1.0"?>
<opencv_storage>
<images>
  "k19_rnd979_fg_620_1313_60_60.jpg" "k19_rnd979_fg_764_1339_60_60.jpg"
  "k19_rnd979_fg_842_1319_48_48.jpg" "k19_rnd979_fg_755_1421_60_60.jpg"
  "k19_rnd979_fg_854_1460_60_60.jpg" "k19_rnd979_fg_1014_1572_48_48.jpg"
  "k19_rnd979_fg_1095_1551_48_48.jpg"
  "k19_rnd979_fg_1012_1776_48_48.jpg"
  "k19_rnd979_fg_1055_1797_48_48.jpg"
  "k19_rnd979_fg_1141_1798_48_48.jpg"
  "k19_rnd979_fg_1038_1614_36_36.jpg"
  "k19_rnd979_fg_1232_1565_48_48.jpg"
  "k19_rnd979_fg_1000_1511_36_36.jpg" "k19_rnd979_fg_975_1523_48_48.jpg"
  "k19_rnd979_fg_1289_1802_48_48.jpg"
  "k19_rnd979_fg_1423_1794_48_48.jpg"
  "k19_rnd979_fg_1612_1774_48_48.jpg"
  "k19_rnd979_fg_1594_1893_48_48.jpg"
  "k19_rnd979_fg_1857_1744_36_36.jpg"
  "k19_rnd979_fg_2086_2265_60_60.jpg"
  "k19_rnd979_fg_2373_2244_60_60.jpg"
  "k19_rnd979_fg_2344_2448_60_60.jpg"
  "k19_rnd979_fg_2433_2507_60_60.jpg"
  "k19_rnd979_fg_2586_2537_48_48.jpg"
  "k19_rnd979_fg_2660_2312_48_48.jpg"
  "k19_rnd979_fg_2665_2277_48_48.jpg"
  "k19_rnd979_fg_2634_2354_48_48.jpg"
  "k19_rnd979_fg_1946_2287_48_48.jpg"
  "k19_rnd979_fg_2008_2221_36_36.jpg"
  "k19_rnd979_fg_2155_2269_60_60.jpg"
  "k19_rnd979_fg_2255_2282_48_48.jpg"
  "k19_rnd979_fg_2252_2011_48_48.jpg"
  "k19_rnd979_fg_2239_2088_36_36.jpg"
  "k19_rnd979_fg_2246_2127_48_48.jpg"
  "k19_rnd979_fg_1510_1770_48_48.jpg"
  "k19_rnd979_fg_1405_1568_48_48.jpg"
  "k19_rnd979_fg_2170_1725_48_48.jpg"
  "k19_rnd979_fg_2011_1671_36_36.jpg"
  "k19_rnd979_fg_1061_1749_36_36.jpg"
  "k19_rnd979_fg_2130_1945_48_48.jpg"
  "k19_rnd979_fg_1962_1930_48_48.jpg"
  "k19_rnd979_fg_1999_1893_36_36.jpg"
  "k19_rnd979_fg_2440_2168_48_48.jpg"
  "k19_rnd979_fg_2463_2134_48_48.jpg"
  "k19_rnd979_fg_2684_1879_48_48.jpg"
  "k19_rnd979_fg_2790_1946_48_48.jpg"
  "k19_rnd979_fg_2474_1897_36_36.jpg"
  "k19_rnd979_fg_2653_2038_36_36.jpg"
  "k19_rnd979_fg_2586_2058_36_36.jpg"
  "k19_rnd979_fg_3791_1253_48_48.jpg"
  "k19_rnd979_fg_1625_2157_48_48.jpg"
  "k19_rnd979_fg_1986_2027_48_48.jpg"
  "k19_rnd979_fg_3095_1701_48_48.jpg"
  "k19_rnd979_fg_3124_2999_48_48.jpg"</images>
</opencv_storage>
