<?xml version="1.0"?>
<opencv_storage>
<images>
  "k24_rnd441_fg_678_1292_48_48.jpg" "k24_rnd441_fg_901_1266_48_48.jpg"
  "k24_rnd441_fg_941_1147_48_48.jpg" "k24_rnd441_fg_994_1140_48_48.jpg"
  "k24_rnd441_fg_1171_1098_48_48.jpg" "k24_rnd441_fg_231_1017_48_48.jpg"
  "k24_rnd441_fg_173_1085_48_48.jpg" "k24_rnd441_fg_844_1137_48_48.jpg"
  "k24_rnd441_fg_830_1188_48_48.jpg" "k24_rnd441_fg_1193_1353_48_48.jpg"
  "k24_rnd441_fg_1212_1406_48_48.jpg"
  "k24_rnd441_fg_1264_1378_48_48.jpg"
  "k24_rnd441_fg_1403_1148_48_48.jpg"
  "k24_rnd441_fg_1405_1234_48_48.jpg"
  "k24_rnd441_fg_1345_1323_36_36.jpg"
  "k24_rnd441_fg_1274_1312_36_36.jpg"
  "k24_rnd441_fg_1299_1291_36_36.jpg"
  "k24_rnd441_fg_1403_1460_36_36.jpg"
  "k24_rnd441_fg_1363_1549_36_36.jpg"
  "k24_rnd441_fg_1458_1510_36_36.jpg"
  "k24_rnd441_fg_1428_1596_48_48.jpg"
  "k24_rnd441_fg_1445_1643_36_36.jpg"
  "k24_rnd441_fg_1631_1643_48_48.jpg"
  "k24_rnd441_fg_1676_1593_48_48.jpg"
  "k24_rnd441_fg_1571_1719_36_36.jpg"
  "k24_rnd441_fg_1535_1646_36_36.jpg"
  "k24_rnd441_fg_1526_1679_36_36.jpg"
  "k24_rnd441_fg_1527_1795_48_48.jpg"
  "k24_rnd441_fg_1739_1549_48_48.jpg"
  "k24_rnd441_fg_1925_1384_48_48.jpg"
  "k24_rnd441_fg_1943_1553_48_48.jpg"
  "k24_rnd441_fg_2091_1462_48_48.jpg"
  "k24_rnd441_fg_1805_1240_48_48.jpg"
  "k24_rnd441_fg_1922_1752_48_48.jpg"
  "k24_rnd441_fg_1984_1747_36_36.jpg"
  "k24_rnd441_fg_1950_1856_36_36.jpg"
  "k24_rnd441_fg_2048_1858_48_48.jpg"
  "k24_rnd441_fg_2215_1682_36_36.jpg"
  "k24_rnd441_fg_2048_1660_36_36.jpg"
  "k24_rnd441_fg_2145_1753_48_48.jpg"
  "k24_rnd441_fg_2193_1776_48_48.jpg"
  "k24_rnd441_fg_2220_1857_48_48.jpg"
  "k24_rnd441_fg_2164_1915_36_36.jpg"
  "k24_rnd441_fg_2327_2040_48_48.jpg"
  "k24_rnd441_fg_2376_1978_48_48.jpg"
  "k24_rnd441_fg_2434_1925_48_48.jpg"
  "k24_rnd441_fg_2419_1882_36_36.jpg"
  "k24_rnd441_fg_2496_1821_48_48.jpg"
  "k24_rnd441_fg_2600_1805_48_48.jpg"
  "k24_rnd441_fg_2411_1909_36_36.jpg"
  "k24_rnd441_fg_2432_1745_48_48.jpg"
  "k24_rnd441_fg_2382_1711_48_48.jpg"
  "k24_rnd441_fg_2478_1703_36_36.jpg"
  "k24_rnd441_fg_2541_2109_48_48.jpg"
  "k24_rnd441_fg_2639_2089_48_48.jpg"
  "k24_rnd441_fg_2773_2059_36_36.jpg"
  "k24_rnd441_fg_2732_2082_36_36.jpg"
  "k24_rnd441_fg_2714_2057_36_36.jpg"
  "k24_rnd441_fg_2703_1993_36_36.jpg"
  "k24_rnd441_fg_2688_1926_60_60.jpg"
  "k24_rnd441_fg_2649_1857_60_60.jpg"
  "k24_rnd441_fg_2708_1862_60_60.jpg"
  "k24_rnd441_fg_2812_1895_48_48.jpg"
  "k24_rnd441_fg_2749_1916_36_36.jpg"
  "k24_rnd441_fg_2752_1962_36_36.jpg"
  "k24_rnd441_fg_2790_2006_36_36.jpg"
  "k24_rnd441_fg_2881_1968_48_48.jpg"
  "k24_rnd441_fg_2859_2052_48_48.jpg"
  "k24_rnd441_fg_2889_1840_48_48.jpg"
  "k24_rnd441_fg_2754_2133_48_48.jpg"
  "k24_rnd441_fg_2963_2131_48_48.jpg"
  "k24_rnd441_fg_2957_2096_48_48.jpg"
  "k24_rnd441_fg_3073_2086_48_48.jpg"
  "k24_rnd441_fg_3120_2081_48_48.jpg"
  "k24_rnd441_fg_3151_2043_36_36.jpg"
  "k24_rnd441_fg_3070_2038_36_36.jpg"
  "k24_rnd441_fg_3030_1850_48_48.jpg"
  "k24_rnd441_fg_3124_1876_48_48.jpg"
  "k24_rnd441_fg_2857_1626_48_48.jpg"
  "k24_rnd441_fg_2912_1632_48_48.jpg"
  "k24_rnd441_fg_2870_1685_48_48.jpg"
  "k24_rnd441_fg_3019_1556_48_48.jpg"
  "k24_rnd441_fg_3101_1618_48_48.jpg"
  "k24_rnd441_fg_3185_1572_48_48.jpg"
  "k24_rnd441_fg_2656_1590_60_60.jpg"
  "k24_rnd441_fg_2269_1377_48_48.jpg"
  "k24_rnd441_fg_2633_1322_48_48.jpg"
  "k24_rnd441_fg_2617_1201_36_36.jpg"
  "k24_rnd441_fg_2775_1170_36_36.jpg"
  "k24_rnd441_fg_2909_1429_48_48.jpg"
  "k24_rnd441_fg_3018_1315_48_48.jpg"
  "k24_rnd441_fg_3005_1423_48_48.jpg"
  "k24_rnd441_fg_3347_1458_48_48.jpg"
  "k24_rnd441_fg_3215_1411_48_48.jpg"
  "k24_rnd441_fg_3499_1204_48_48.jpg"
  "k24_rnd441_fg_3515_1364_48_48.jpg"
  "k24_rnd441_fg_3467_1357_36_36.jpg"
  "k24_rnd441_fg_3466_1557_48_48.jpg"
  "k24_rnd441_fg_3603_1429_48_48.jpg"
  "k24_rnd441_fg_3506_1581_48_48.jpg"
  "k24_rnd441_fg_1546_1988_48_48.jpg"
  "k24_rnd441_fg_1532_1938_24_24.jpg" "k24_rnd441_fg_427_2036_60_60.jpg"
  "k24_rnd441_fg_1359_1423_48_48.jpg"
  "k24_rnd441_fg_2624_1956_48_48.jpg"
  "k24_rnd441_fg_2656_1981_48_48.jpg"
  "k24_rnd441_fg_2969_2176_48_48.jpg"
  "k24_rnd441_fg_3432_2045_48_48.jpg"
  "k24_rnd441_fg_3641_1674_48_48.jpg"
  "k24_rnd441_fg_3237_1363_48_48.jpg"
  "k24_rnd441_fg_3282_1194_48_48.jpg" "k24_rnd441_fg_3598_850_60_60.jpg"
  "k24_rnd441_fg_3644_837_48_48.jpg"</images>
</opencv_storage>
