<?xml version="1.0"?>
<opencv_storage>
<images>
  "k25_rnd125_fg_1731_1669_48_48.jpg"
  "k25_rnd125_fg_1971_1696_48_48.jpg"
  "k25_rnd125_fg_1867_1599_48_48.jpg"
  "k25_rnd125_fg_1774_1516_48_48.jpg"
  "k25_rnd125_fg_1965_1419_48_48.jpg"
  "k25_rnd125_fg_1671_1528_48_48.jpg"
  "k25_rnd125_fg_1616_1560_48_48.jpg"
  "k25_rnd125_fg_1553_1576_48_48.jpg"
  "k25_rnd125_fg_1234_1255_48_48.jpg"
  "k25_rnd125_fg_1290_1291_48_48.jpg"
  "k25_rnd125_fg_1393_1255_48_48.jpg"
  "k25_rnd125_fg_1191_1081_48_48.jpg"
  "k25_rnd125_fg_1307_1142_48_48.jpg"
  "k25_rnd125_fg_1497_1191_48_48.jpg"
  "k25_rnd125_fg_1506_1494_48_48.jpg"
  "k25_rnd125_fg_1304_1476_48_48.jpg"
  "k25_rnd125_fg_1416_1528_36_36.jpg"
  "k25_rnd125_fg_1265_1401_48_48.jpg"
  "k25_rnd125_fg_1352_1374_48_48.jpg" "k25_rnd125_fg_920_1176_48_48.jpg"
  "k25_rnd125_fg_685_1020_48_48.jpg" "k25_rnd125_fg_207_992_48_48.jpg"
  "k25_rnd125_fg_1487_1404_48_48.jpg"
  "k25_rnd125_fg_1540_1425_48_48.jpg"
  "k25_rnd125_fg_1585_1689_48_48.jpg"
  "k25_rnd125_fg_1474_1639_48_48.jpg"
  "k25_rnd125_fg_1788_1671_48_48.jpg"
  "k25_rnd125_fg_1712_1811_48_48.jpg"
  "k25_rnd125_fg_1621_1791_48_48.jpg"
  "k25_rnd125_fg_2039_1857_48_48.jpg"
  "k25_rnd125_fg_1955_1742_48_48.jpg"
  "k25_rnd125_fg_1876_1644_48_48.jpg"
  "k25_rnd125_fg_1926_2061_48_48.jpg"
  "k25_rnd125_fg_1853_1991_48_48.jpg"
  "k25_rnd125_fg_2159_1810_48_48.jpg"
  "k25_rnd125_fg_2327_1702_48_48.jpg"
  "k25_rnd125_fg_2377_1878_48_48.jpg"
  "k25_rnd125_fg_2340_1963_48_48.jpg"
  "k25_rnd125_fg_2226_1995_48_48.jpg"
  "k25_rnd125_fg_2411_1987_48_48.jpg"
  "k25_rnd125_fg_2529_1998_48_48.jpg"
  "k25_rnd125_fg_2544_1894_48_48.jpg"
  "k25_rnd125_fg_2609_1906_48_48.jpg"
  "k25_rnd125_fg_2518_1706_48_48.jpg"
  "k25_rnd125_fg_2469_1658_48_48.jpg"
  "k25_rnd125_fg_2262_1206_48_48.jpg"
  "k25_rnd125_fg_2490_2067_48_48.jpg"
  "k25_rnd125_fg_2570_2098_36_36.jpg"
  "k25_rnd125_fg_2623_2112_48_48.jpg"
  "k25_rnd125_fg_2647_2001_60_60.jpg"
  "k25_rnd125_fg_2680_2035_48_48.jpg"
  "k25_rnd125_fg_2671_1860_48_48.jpg"
  "k25_rnd125_fg_2688_1916_48_48.jpg"
  "k25_rnd125_fg_2771_1939_48_48.jpg"
  "k25_rnd125_fg_2796_2043_36_36.jpg"
  "k25_rnd125_fg_2868_2112_48_48.jpg"
  "k25_rnd125_fg_2858_2154_48_48.jpg"
  "k25_rnd125_fg_2853_2281_48_48.jpg"
  "k25_rnd125_fg_2909_2227_48_48.jpg"
  "k25_rnd125_fg_2970_2192_48_48.jpg"
  "k25_rnd125_fg_2990_2039_48_48.jpg"
  "k25_rnd125_fg_2980_1980_48_48.jpg"
  "k25_rnd125_fg_2956_1857_48_48.jpg"
  "k25_rnd125_fg_2694_1780_48_48.jpg"
  "k25_rnd125_fg_2894_1645_48_48.jpg"
  "k25_rnd125_fg_2885_2409_48_48.jpg"
  "k25_rnd125_fg_2959_2459_60_60.jpg"
  "k25_rnd125_fg_3139_2240_48_48.jpg"
  "k25_rnd125_fg_3207_2146_36_36.jpg"
  "k25_rnd125_fg_3083_2226_36_36.jpg"
  "k25_rnd125_fg_2969_2306_36_36.jpg"
  "k25_rnd125_fg_3175_1976_36_36.jpg"
  "k25_rnd125_fg_3296_1824_48_48.jpg"
  "k25_rnd125_fg_2898_1466_48_48.jpg"
  "k25_rnd125_fg_3393_1315_60_60.jpg"
  "k25_rnd125_fg_3652_1149_48_48.jpg" "k25_rnd125_fg_3987_772_60_60.jpg"
  "k25_rnd125_fg_3609_1423_48_48.jpg"
  "k25_rnd125_fg_2478_1484_36_36.jpg"
  "k25_rnd125_fg_2797_1547_36_36.jpg"
  "k25_rnd125_fg_2613_1555_36_36.jpg"
  "k25_rnd125_fg_2570_1568_36_36.jpg"
  "k25_rnd125_fg_2703_2305_36_36.jpg"
  "k25_rnd125_fg_2708_2259_48_48.jpg"
  "k25_rnd125_fg_2357_2067_48_48.jpg"
  "k25_rnd125_fg_1186_1305_48_48.jpg"
  "k25_rnd125_fg_3497_2257_60_60.jpg"
  "k25_rnd125_fg_3888_1891_48_48.jpg"</images>
</opencv_storage>
