<?xml version="1.0"?>
<opencv_storage>
<images>
  "k30_rnd552_fg_182_936_60_60.jpg" "k30_rnd552_fg_309_747_48_48.jpg"
  "k30_rnd552_fg_870_1064_60_60.jpg" "k30_rnd552_fg_1210_1163_48_48.jpg"
  "k30_rnd552_fg_1088_1197_48_48.jpg"
  "k30_rnd552_fg_1469_1238_48_48.jpg"
  "k30_rnd552_fg_1445_1128_48_48.jpg"
  "k30_rnd552_fg_1601_1302_48_48.jpg"
  "k30_rnd552_fg_1455_1371_48_48.jpg"
  "k30_rnd552_fg_1314_1481_48_48.jpg"
  "k30_rnd552_fg_1303_1449_36_36.jpg"
  "k30_rnd552_fg_1256_1387_48_48.jpg"
  "k30_rnd552_fg_1494_1628_48_48.jpg"
  "k30_rnd552_fg_1565_1689_48_48.jpg"
  "k30_rnd552_fg_1749_1497_48_48.jpg"
  "k30_rnd552_fg_1610_1473_48_48.jpg"
  "k30_rnd552_fg_1700_1650_60_60.jpg"
  "k30_rnd552_fg_1919_1597_60_60.jpg"
  "k30_rnd552_fg_1785_1348_60_60.jpg"
  "k30_rnd552_fg_1888_1422_48_48.jpg"
  "k30_rnd552_fg_1958_1684_48_48.jpg"
  "k30_rnd552_fg_1661_1768_48_48.jpg"
  "k30_rnd552_fg_1756_1678_48_48.jpg"
  "k30_rnd552_fg_2222_1813_48_48.jpg"
  "k30_rnd552_fg_2289_1944_48_48.jpg"
  "k30_rnd552_fg_2424_1834_48_48.jpg"
  "k30_rnd552_fg_2001_1547_60_60.jpg"
  "k30_rnd552_fg_1910_1378_36_36.jpg"
  "k30_rnd552_fg_2699_1826_48_48.jpg"
  "k30_rnd552_fg_2897_1733_48_48.jpg"
  "k30_rnd552_fg_2932_1717_36_36.jpg"
  "k30_rnd552_fg_2943_1765_48_48.jpg"
  "k30_rnd552_fg_2979_1947_60_60.jpg"
  "k30_rnd552_fg_3037_1886_48_48.jpg"
  "k30_rnd552_fg_3322_1821_48_48.jpg"
  "k30_rnd552_fg_3296_2107_48_48.jpg"
  "k30_rnd552_fg_2859_2009_36_36.jpg"
  "k30_rnd552_fg_2782_1952_48_48.jpg"
  "k30_rnd552_fg_2765_1914_36_36.jpg"
  "k30_rnd552_fg_3089_1949_48_48.jpg"
  "k30_rnd552_fg_3370_2302_36_36.jpg"
  "k30_rnd552_fg_3071_2523_48_48.jpg"
  "k30_rnd552_fg_2821_2530_48_48.jpg"
  "k30_rnd552_fg_2972_2538_48_48.jpg"
  "k30_rnd552_fg_3065_2641_36_36.jpg"
  "k30_rnd552_fg_3807_2207_36_36.jpg"
  "k30_rnd552_fg_3918_2276_36_36.jpg"
  "k30_rnd552_fg_3831_2148_36_36.jpg"
  "k30_rnd552_fg_3658_2161_36_36.jpg"
  "k30_rnd552_fg_3546_2017_48_48.jpg"
  "k30_rnd552_fg_3609_1969_48_48.jpg"
  "k30_rnd552_fg_3716_1994_48_48.jpg"
  "k30_rnd552_fg_3691_2033_48_48.jpg"
  "k30_rnd552_fg_3762_1985_36_36.jpg"
  "k30_rnd552_fg_3663_1604_48_48.jpg"
  "k30_rnd552_fg_3796_1214_48_48.jpg"
  "k30_rnd552_fg_3738_1147_48_48.jpg"
  "k30_rnd552_fg_3623_1191_48_48.jpg"
  "k30_rnd552_fg_3753_1355_48_48.jpg" "k30_rnd552_fg_3853_841_60_60.jpg"
  "k30_rnd552_fg_3769_982_48_48.jpg" "k30_rnd552_fg_3479_1296_48_48.jpg"
  "k30_rnd552_fg_3456_1461_48_48.jpg"
  "k30_rnd552_fg_3503_1514_48_48.jpg"
  "k30_rnd552_fg_3353_1552_48_48.jpg"
  "k30_rnd552_fg_3203_1448_48_48.jpg"
  "k30_rnd552_fg_3210_1599_48_48.jpg"
  "k30_rnd552_fg_3455_1670_36_36.jpg"
  "k30_rnd552_fg_3430_1719_48_48.jpg"
  "k30_rnd552_fg_3004_2231_48_48.jpg"
  "k30_rnd552_fg_2892_2473_48_48.jpg"
  "k30_rnd552_fg_2781_1889_36_36.jpg"
  "k30_rnd552_fg_2701_2235_36_36.jpg"
  "k30_rnd552_fg_2006_2103_48_48.jpg"
  "k30_rnd552_fg_1849_2171_48_48.jpg"
  "k30_rnd552_fg_2004_1218_48_48.jpg" "k30_rnd552_fg_1962_954_48_48.jpg"
  "k30_rnd552_fg_1491_1445_60_60.jpg"
  "k30_rnd552_fg_1384_1446_48_48.jpg"
  "k30_rnd552_fg_1246_1327_48_48.jpg" "k30_rnd552_fg_1341_942_48_48.jpg"
  "k30_rnd552_fg_1515_913_48_48.jpg" "k30_rnd552_fg_1148_1030_48_48.jpg"
  "k30_rnd552_fg_1218_962_36_36.jpg" "k30_rnd552_fg_861_920_48_48.jpg"
  "k30_rnd552_fg_307_840_60_60.jpg"</images>
</opencv_storage>
