<?xml version="1.0"?>
<opencv_storage>
<images>
  "k31_rnd479_fg_119_1140_48_48.jpg" "k31_rnd479_fg_499_609_48_48.jpg"
  "k31_rnd479_fg_915_690_48_48.jpg" "k31_rnd479_fg_906_544_48_48.jpg"
  "k31_rnd479_fg_1100_620_48_48.jpg" "k31_rnd479_fg_1108_861_48_48.jpg"
  "k31_rnd479_fg_952_818_48_48.jpg" "k31_rnd479_fg_1239_978_48_48.jpg"
  "k31_rnd479_fg_1110_947_48_48.jpg" "k31_rnd479_fg_1155_1062_48_48.jpg"
  "k31_rnd479_fg_1246_1063_48_48.jpg"
  "k31_rnd479_fg_1257_1117_48_48.jpg"
  "k31_rnd479_fg_1194_1181_48_48.jpg"
  "k31_rnd479_fg_1315_1201_48_48.jpg"
  "k31_rnd479_fg_1405_1243_48_48.jpg"
  "k31_rnd479_fg_1394_1182_48_48.jpg"
  "k31_rnd479_fg_1369_1129_48_48.jpg"
  "k31_rnd479_fg_1493_1025_48_48.jpg" "k31_rnd479_fg_1395_981_60_60.jpg"
  "k31_rnd479_fg_1448_1159_48_48.jpg"
  "k31_rnd479_fg_1463_1514_60_60.jpg"
  "k31_rnd479_fg_1569_1471_48_48.jpg"
  "k31_rnd479_fg_1676_1438_48_48.jpg"
  "k31_rnd479_fg_1614_1569_60_60.jpg"
  "k31_rnd479_fg_1700_1577_48_48.jpg"
  "k31_rnd479_fg_1628_1166_48_48.jpg"
  "k31_rnd479_fg_1675_1207_48_48.jpg"
  "k31_rnd479_fg_1869_1355_48_48.jpg"
  "k31_rnd479_fg_1859_1482_48_48.jpg"
  "k31_rnd479_fg_1893_1450_48_48.jpg"
  "k31_rnd479_fg_1971_1532_48_48.jpg"
  "k31_rnd479_fg_2004_1575_48_48.jpg"
  "k31_rnd479_fg_2021_1649_48_48.jpg"
  "k31_rnd479_fg_2042_1543_48_48.jpg"
  "k31_rnd479_fg_2127_1389_48_48.jpg"
  "k31_rnd479_fg_2144_1733_48_48.jpg"
  "k31_rnd479_fg_2677_1667_48_48.jpg"
  "k31_rnd479_fg_2896_1527_48_48.jpg"
  "k31_rnd479_fg_2851_1640_48_48.jpg"
  "k31_rnd479_fg_2985_1579_48_48.jpg"
  "k31_rnd479_fg_3091_1689_48_48.jpg"
  "k31_rnd479_fg_3128_1682_36_36.jpg"
  "k31_rnd479_fg_3273_1596_48_48.jpg"
  "k31_rnd479_fg_3333_1725_48_48.jpg"
  "k31_rnd479_fg_3104_1833_48_48.jpg"
  "k31_rnd479_fg_3415_1460_48_48.jpg"
  "k31_rnd479_fg_3336_1360_48_48.jpg"
  "k31_rnd479_fg_3291_1269_48_48.jpg"
  "k31_rnd479_fg_3413_1069_60_60.jpg" "k31_rnd479_fg_3823_754_60_60.jpg"
  "k31_rnd479_fg_3743_843_60_60.jpg" "k31_rnd479_fg_3805_894_60_60.jpg"
  "k31_rnd479_fg_3302_2448_36_36.jpg"
  "k31_rnd479_fg_2235_1920_36_36.jpg"
  "k31_rnd479_fg_1768_1604_36_36.jpg" "k31_rnd479_fg_1482_645_48_48.jpg"</images>
</opencv_storage>
