<?xml version="1.0"?>
<opencv_storage>
<images>
  "k21_rnd388_fg_368_617_48_48.jpg" "k21_rnd388_fg_554_683_48_48.jpg"
  "k21_rnd388_fg_698_707_48_48.jpg" "k21_rnd388_fg_595_645_36_36.jpg"
  "k21_rnd388_fg_559_644_36_36.jpg" "k21_rnd388_fg_802_865_48_48.jpg"
  "k21_rnd388_fg_891_708_48_48.jpg" "k21_rnd388_fg_883_769_48_48.jpg"
  "k21_rnd388_fg_918_811_48_48.jpg" "k21_rnd388_fg_981_732_48_48.jpg"
  "k21_rnd388_fg_812_750_48_48.jpg" "k21_rnd388_fg_1226_911_48_48.jpg"
  "k21_rnd388_fg_1244_952_36_36.jpg" "k21_rnd388_fg_1177_929_48_48.jpg"
  "k21_rnd388_fg_1068_994_48_48.jpg" "k21_rnd388_fg_1088_1173_48_48.jpg"
  "k21_rnd388_fg_1305_1143_36_36.jpg"
  "k21_rnd388_fg_1395_1123_36_36.jpg"
  "k21_rnd388_fg_1434_1141_48_48.jpg"
  "k21_rnd388_fg_1430_1253_48_48.jpg"
  "k21_rnd388_fg_1483_1339_48_48.jpg"
  "k21_rnd388_fg_1410_1381_48_48.jpg"
  "k21_rnd388_fg_1347_1310_48_48.jpg"
  "k21_rnd388_fg_1360_1259_48_48.jpg"
  "k21_rnd388_fg_1321_1290_48_48.jpg"
  "k21_rnd388_fg_1515_1485_48_48.jpg"
  "k21_rnd388_fg_1435_1109_48_48.jpg"
  "k21_rnd388_fg_1409_1634_48_48.jpg"
  "k21_rnd388_fg_1658_1634_48_48.jpg"
  "k21_rnd388_fg_1684_1568_36_36.jpg"
  "k21_rnd388_fg_1716_1374_48_48.jpg"
  "k21_rnd388_fg_1790_1655_48_48.jpg"
  "k21_rnd388_fg_1878_1616_48_48.jpg"
  "k21_rnd388_fg_1848_1704_48_48.jpg"
  "k21_rnd388_fg_2009_1163_60_60.jpg"
  "k21_rnd388_fg_1841_1079_60_60.jpg"
  "k21_rnd388_fg_2823_1352_60_60.jpg"
  "k21_rnd388_fg_3236_1279_48_48.jpg" "k21_rnd388_fg_3176_991_48_48.jpg"
  "k21_rnd388_fg_2590_1294_48_48.jpg"
  "k21_rnd388_fg_2606_1341_48_48.jpg"
  "k21_rnd388_fg_2422_1415_36_36.jpg"
  "k21_rnd388_fg_2569_1465_36_36.jpg"
  "k21_rnd388_fg_2537_1567_48_48.jpg"
  "k21_rnd388_fg_2667_1598_48_48.jpg"
  "k21_rnd388_fg_2642_1690_48_48.jpg"
  "k21_rnd388_fg_2659_1657_36_36.jpg"
  "k21_rnd388_fg_2708_1772_36_36.jpg"
  "k21_rnd388_fg_2020_1803_48_48.jpg"
  "k21_rnd388_fg_2263_1846_48_48.jpg"
  "k21_rnd388_fg_2271_1894_48_48.jpg"
  "k21_rnd388_fg_2328_1837_48_48.jpg"
  "k21_rnd388_fg_2338_1742_48_48.jpg"
  "k21_rnd388_fg_2163_1713_48_48.jpg"
  "k21_rnd388_fg_2141_1793_48_48.jpg"
  "k21_rnd388_fg_2093_1784_48_48.jpg"
  "k21_rnd388_fg_2009_1708_48_48.jpg"
  "k21_rnd388_fg_1938_1701_48_48.jpg"
  "k21_rnd388_fg_2357_2048_48_48.jpg"
  "k21_rnd388_fg_2410_1957_48_48.jpg"
  "k21_rnd388_fg_2431_1864_48_48.jpg"
  "k21_rnd388_fg_2435_1746_48_48.jpg"
  "k21_rnd388_fg_2536_1838_48_48.jpg"
  "k21_rnd388_fg_2523_1888_48_48.jpg"
  "k21_rnd388_fg_2564_2042_48_48.jpg"
  "k21_rnd388_fg_2703_1950_48_48.jpg"
  "k21_rnd388_fg_2752_2002_48_48.jpg"
  "k21_rnd388_fg_2728_1984_48_48.jpg"
  "k21_rnd388_fg_2633_2175_48_48.jpg"
  "k21_rnd388_fg_2850_2169_48_48.jpg"
  "k21_rnd388_fg_2772_2151_48_48.jpg"
  "k21_rnd388_fg_2968_2050_48_48.jpg"
  "k21_rnd388_fg_2821_1888_48_48.jpg"
  "k21_rnd388_fg_2829_1850_48_48.jpg"
  "k21_rnd388_fg_2709_1809_36_36.jpg"
  "k21_rnd388_fg_2660_1891_48_48.jpg"
  "k21_rnd388_fg_2632_1936_48_48.jpg"
  "k21_rnd388_fg_2624_2018_48_48.jpg"
  "k21_rnd388_fg_2835_1704_48_48.jpg"
  "k21_rnd388_fg_2895_1693_48_48.jpg"
  "k21_rnd388_fg_3076_2005_48_48.jpg"
  "k21_rnd388_fg_1104_1065_48_48.jpg"
  "k21_rnd388_fg_1555_1216_48_48.jpg"
  "k21_rnd388_fg_2276_1649_48_48.jpg"
  "k21_rnd388_fg_2248_1146_48_48.jpg"</images>
</opencv_storage>
