<?xml version="1.0"?>
<opencv_storage>
<images>
  "k26_rnd525_fg_1085_1060_48_48.jpg"
  "k26_rnd525_fg_1120_1312_48_48.jpg"
  "k26_rnd525_fg_1110_1256_48_48.jpg"
  "k26_rnd525_fg_1049_1211_48_48.jpg"
  "k26_rnd525_fg_1004_1155_48_48.jpg"
  "k26_rnd525_fg_1115_1103_48_48.jpg"
  "k26_rnd525_fg_1141_1193_48_48.jpg"
  "k26_rnd525_fg_1260_1246_48_48.jpg"
  "k26_rnd525_fg_1400_1343_48_48.jpg"
  "k26_rnd525_fg_1417_1401_48_48.jpg"
  "k26_rnd525_fg_1575_1314_48_48.jpg"
  "k26_rnd525_fg_1657_1050_48_48.jpg"
  "k26_rnd525_fg_1924_1062_48_48.jpg"
  "k26_rnd525_fg_1434_1613_48_48.jpg"
  "k26_rnd525_fg_1523_1659_48_48.jpg"
  "k26_rnd525_fg_1560_1605_48_48.jpg"
  "k26_rnd525_fg_1634_1519_48_48.jpg"
  "k26_rnd525_fg_1711_1502_48_48.jpg"
  "k26_rnd525_fg_1769_1473_48_48.jpg" "k26_rnd525_fg_569_1043_48_48.jpg"
  "k26_rnd525_fg_1429_1537_48_48.jpg"
  "k26_rnd525_fg_1262_1433_36_36.jpg"
  "k26_rnd525_fg_1225_1425_36_36.jpg"
  "k26_rnd525_fg_1989_1515_48_48.jpg"
  "k26_rnd525_fg_1907_1791_48_48.jpg"
  "k26_rnd525_fg_1840_1795_48_48.jpg"
  "k26_rnd525_fg_1691_1793_48_48.jpg"
  "k26_rnd525_fg_1743_1762_48_48.jpg"
  "k26_rnd525_fg_1819_1882_48_48.jpg"
  "k26_rnd525_fg_1831_1927_48_48.jpg"
  "k26_rnd525_fg_1991_1947_48_48.jpg"
  "k26_rnd525_fg_2000_1987_36_36.jpg"
  "k26_rnd525_fg_2177_1835_48_48.jpg"
  "k26_rnd525_fg_2251_1834_48_48.jpg"
  "k26_rnd525_fg_2234_1969_48_48.jpg"
  "k26_rnd525_fg_2397_1948_36_36.jpg"
  "k26_rnd525_fg_2407_1979_36_36.jpg"
  "k26_rnd525_fg_2340_2029_48_48.jpg"
  "k26_rnd525_fg_2310_2058_48_48.jpg"
  "k26_rnd525_fg_2598_1946_48_48.jpg"
  "k26_rnd525_fg_2695_1984_48_48.jpg"
  "k26_rnd525_fg_2642_2033_48_48.jpg"
  "k26_rnd525_fg_2659_2126_48_48.jpg"
  "k26_rnd525_fg_2731_2052_36_36.jpg"
  "k26_rnd525_fg_2762_2180_48_48.jpg"
  "k26_rnd525_fg_2934_1826_48_48.jpg"
  "k26_rnd525_fg_2761_1887_48_48.jpg"
  "k26_rnd525_fg_2911_2234_48_48.jpg"
  "k26_rnd525_fg_2831_2152_48_48.jpg"
  "k26_rnd525_fg_2623_2268_36_36.jpg"
  "k26_rnd525_fg_2887_2341_36_36.jpg"
  "k26_rnd525_fg_2817_2431_48_48.jpg"
  "k26_rnd525_fg_3053_2242_48_48.jpg"
  "k26_rnd525_fg_2996_2492_48_48.jpg"
  "k26_rnd525_fg_3237_2126_48_48.jpg"
  "k26_rnd525_fg_3193_2062_48_48.jpg"
  "k26_rnd525_fg_3127_1933_48_48.jpg"
  "k26_rnd525_fg_3236_1899_48_48.jpg"
  "k26_rnd525_fg_3217_2023_36_36.jpg"
  "k26_rnd525_fg_3130_1774_36_36.jpg"
  "k26_rnd525_fg_3462_1983_36_36.jpg"
  "k26_rnd525_fg_3507_1882_36_36.jpg"
  "k26_rnd525_fg_3538_1736_36_36.jpg"
  "k26_rnd525_fg_3622_1799_48_48.jpg"
  "k26_rnd525_fg_3958_1704_48_48.jpg"
  "k26_rnd525_fg_3474_2303_48_48.jpg"
  "k26_rnd525_fg_3378_2178_48_48.jpg"
  "k26_rnd525_fg_3530_1448_36_36.jpg"
  "k26_rnd525_fg_3631_1146_60_60.jpg"
  "k26_rnd525_fg_3598_1468_60_60.jpg"
  "k26_rnd525_fg_3361_2407_60_60.jpg"
  "k26_rnd525_fg_3076_2343_60_60.jpg"
  "k26_rnd525_fg_3497_1285_60_60.jpg"
  "k26_rnd525_fg_2186_1464_60_60.jpg"
  "k26_rnd525_fg_2284_1171_60_60.jpg"
  "k26_rnd525_fg_2243_1080_60_60.jpg"
  "k26_rnd525_fg_1929_1896_60_60.jpg"
  "k26_rnd525_fg_2001_1823_48_48.jpg"
  "k26_rnd525_fg_2497_1882_48_48.jpg"
  "k26_rnd525_fg_2074_2057_48_48.jpg"
  "k26_rnd525_fg_1879_1504_60_60.jpg"</images>
</opencv_storage>
