<?xml version="1.0"?>
<opencv_storage>
<images>
  "k27_rnd364_fg_1059_1028_48_48.jpg"
  "k27_rnd364_fg_1165_1098_48_48.jpg"
  "k27_rnd364_fg_1329_1123_48_48.jpg"
  "k27_rnd364_fg_1449_1132_48_48.jpg"
  "k27_rnd364_fg_1449_1273_48_48.jpg"
  "k27_rnd364_fg_1251_1284_48_48.jpg"
  "k27_rnd364_fg_1408_1396_48_48.jpg"
  "k27_rnd364_fg_1643_1356_48_48.jpg"
  "k27_rnd364_fg_1614_1377_48_48.jpg"
  "k27_rnd364_fg_1549_1628_48_48.jpg"
  "k27_rnd364_fg_1594_1679_48_48.jpg"
  "k27_rnd364_fg_1805_1504_48_48.jpg"
  "k27_rnd364_fg_1901_1617_48_48.jpg"
  "k27_rnd364_fg_1912_1477_48_48.jpg"
  "k27_rnd364_fg_1966_1444_48_48.jpg"
  "k27_rnd364_fg_1317_1399_48_48.jpg"
  "k27_rnd364_fg_1454_1488_36_36.jpg"
  "k27_rnd364_fg_1769_1619_48_48.jpg"
  "k27_rnd364_fg_1712_1677_48_48.jpg"
  "k27_rnd364_fg_1966_1691_48_48.jpg"
  "k27_rnd364_fg_2034_1734_48_48.jpg"
  "k27_rnd364_fg_1974_1792_48_48.jpg"
  "k27_rnd364_fg_2150_1540_48_48.jpg"
  "k27_rnd364_fg_2251_1664_48_48.jpg"
  "k27_rnd364_fg_2274_1574_48_48.jpg"
  "k27_rnd364_fg_2372_1585_48_48.jpg"
  "k27_rnd364_fg_2600_1586_48_48.jpg"
  "k27_rnd364_fg_2754_1682_48_48.jpg"
  "k27_rnd364_fg_2774_1625_48_48.jpg"
  "k27_rnd364_fg_2943_1645_48_48.jpg"
  "k27_rnd364_fg_3527_1322_48_48.jpg"
  "k27_rnd364_fg_3787_1643_36_36.jpg"
  "k27_rnd364_fg_3785_2054_60_60.jpg"
  "k27_rnd364_fg_3553_2012_48_48.jpg"
  "k27_rnd364_fg_2910_1959_36_36.jpg"
  "k27_rnd364_fg_2845_1972_48_48.jpg"
  "k27_rnd364_fg_2939_2106_48_48.jpg"
  "k27_rnd364_fg_2965_1973_48_48.jpg"
  "k27_rnd364_fg_3023_1995_48_48.jpg"
  "k27_rnd364_fg_3145_1942_48_48.jpg"
  "k27_rnd364_fg_3138_1787_48_48.jpg"
  "k27_rnd364_fg_2975_2219_48_48.jpg"
  "k27_rnd364_fg_2907_2191_48_48.jpg"
  "k27_rnd364_fg_2606_2195_36_36.jpg"
  "k27_rnd364_fg_2762_2254_36_36.jpg"
  "k27_rnd364_fg_2567_1976_48_48.jpg"
  "k27_rnd364_fg_2750_1884_48_48.jpg"
  "k27_rnd364_fg_3023_2257_48_48.jpg"
  "k27_rnd364_fg_3137_2242_36_36.jpg"
  "k27_rnd364_fg_3166_2299_36_36.jpg"
  "k27_rnd364_fg_3107_2302_48_48.jpg"
  "k27_rnd364_fg_2941_2374_48_48.jpg"
  "k27_rnd364_fg_2879_2371_48_48.jpg"
  "k27_rnd364_fg_2813_2346_48_48.jpg"
  "k27_rnd364_fg_3329_2081_48_48.jpg"
  "k27_rnd364_fg_3566_2193_48_48.jpg"
  "k27_rnd364_fg_3258_1660_48_48.jpg"
  "k27_rnd364_fg_2828_1743_48_48.jpg"
  "k27_rnd364_fg_3015_2590_48_48.jpg"
  "k27_rnd364_fg_2412_1973_48_48.jpg"
  "k27_rnd364_fg_2312_1977_48_48.jpg"
  "k27_rnd364_fg_1979_1887_48_48.jpg"
  "k27_rnd364_fg_1950_1873_48_48.jpg"
  "k27_rnd364_fg_1466_1502_48_48.jpg" "k27_rnd364_fg_376_1056_48_48.jpg"
  "k27_rnd364_fg_739_869_60_60.jpg" "k27_rnd364_fg_3722_1320_48_48.jpg"
  "k27_rnd364_fg_3863_1917_48_48.jpg"
  "k27_rnd364_fg_3316_2201_48_48.jpg" "k27_rnd364_fg_2224_934_48_48.jpg"
  "k27_rnd364_fg_1925_727_60_60.jpg" "k27_rnd364_fg_1512_451_48_48.jpg"</images>
</opencv_storage>
