<?xml version="1.0"?>
<opencv_storage>
<images>
  "k28]_rnd679_fg_395_1001_48_48.jpg"
  "k28]_rnd679_fg_441_1077_48_48.jpg" "k28]_rnd679_fg_532_800_48_48.jpg"
  "k28]_rnd679_fg_501_794_48_48.jpg" "k28]_rnd679_fg_336_693_48_48.jpg"
  "k28]_rnd679_fg_935_734_48_48.jpg" "k28]_rnd679_fg_907_1107_48_48.jpg"
  "k28]_rnd679_fg_1235_832_48_48.jpg"
  "k28]_rnd679_fg_1173_940_48_48.jpg"
  "k28]_rnd679_fg_1276_938_48_48.jpg"
  "k28]_rnd679_fg_1391_960_48_48.jpg"
  "k28]_rnd679_fg_1307_1036_48_48.jpg"
  "k28]_rnd679_fg_1238_1142_48_48.jpg"
  "k28]_rnd679_fg_1224_1200_60_60.jpg"
  "k28]_rnd679_fg_1680_1281_60_60.jpg"
  "k28]_rnd679_fg_1461_1292_48_48.jpg"
  "k28]_rnd679_fg_1444_1341_48_48.jpg"
  "k28]_rnd679_fg_1379_1258_48_48.jpg"
  "k28]_rnd679_fg_1483_1421_48_48.jpg"
  "k28]_rnd679_fg_1670_1614_48_48.jpg"
  "k28]_rnd679_fg_1661_1531_48_48.jpg"
  "k28]_rnd679_fg_1803_1448_48_48.jpg"
  "k28]_rnd679_fg_1930_1580_48_48.jpg"
  "k28]_rnd679_fg_1901_1623_36_36.jpg"
  "k28]_rnd679_fg_1997_1683_48_48.jpg"
  "k28]_rnd679_fg_2014_1808_48_48.jpg"
  "k28]_rnd679_fg_1901_1810_36_36.jpg"
  "k28]_rnd679_fg_2078_1543_48_48.jpg"
  "k28]_rnd679_fg_2183_1527_48_48.jpg"
  "k28]_rnd679_fg_1899_1405_48_48.jpg"
  "k28]_rnd679_fg_1872_1238_24_24.jpg"
  "k28]_rnd679_fg_2120_1881_60_60.jpg"
  "k28]_rnd679_fg_2200_1916_48_48.jpg"
  "k28]_rnd679_fg_2323_1782_48_48.jpg"
  "k28]_rnd679_fg_2390_1860_48_48.jpg"
  "k28]_rnd679_fg_2435_1831_48_48.jpg"
  "k28]_rnd679_fg_2536_1992_60_60.jpg"
  "k28]_rnd679_fg_2608_1992_60_60.jpg"
  "k28]_rnd679_fg_2506_2116_48_48.jpg"
  "k28]_rnd679_fg_2703_2144_48_48.jpg"
  "k28]_rnd679_fg_2660_2297_36_36.jpg"
  "k28]_rnd679_fg_2722_1845_48_48.jpg"
  "k28]_rnd679_fg_2775_1868_48_48.jpg"
  "k28]_rnd679_fg_2891_1856_48_48.jpg"
  "k28]_rnd679_fg_3006_1937_48_48.jpg"
  "k28]_rnd679_fg_2700_1955_48_48.jpg"
  "k28]_rnd679_fg_2954_2099_48_48.jpg"
  "k28]_rnd679_fg_3077_2205_48_48.jpg"
  "k28]_rnd679_fg_3095_2113_48_48.jpg"
  "k28]_rnd679_fg_3165_2506_48_48.jpg"
  "k28]_rnd679_fg_2967_2352_48_48.jpg"
  "k28]_rnd679_fg_3414_2710_36_36.jpg"
  "k28]_rnd679_fg_3192_2669_48_48.jpg"
  "k28]_rnd679_fg_2985_2635_36_36.jpg"
  "k28]_rnd679_fg_3094_2639_36_36.jpg"
  "k28]_rnd679_fg_2958_2506_48_48.jpg"
  "k28]_rnd679_fg_3444_2579_36_36.jpg"
  "k28]_rnd679_fg_3427_2552_36_36.jpg"
  "k28]_rnd679_fg_3603_2231_36_36.jpg"
  "k28]_rnd679_fg_3303_1705_48_48.jpg"
  "k28]_rnd679_fg_3329_1889_48_48.jpg"
  "k28]_rnd679_fg_3542_2072_48_48.jpg"
  "k28]_rnd679_fg_3786_1836_48_48.jpg"
  "k28]_rnd679_fg_3751_2048_48_48.jpg"
  "k28]_rnd679_fg_3980_1927_48_48.jpg"
  "k28]_rnd679_fg_3976_2094_48_48.jpg"
  "k28]_rnd679_fg_3740_2419_48_48.jpg"
  "k28]_rnd679_fg_3152_2183_48_48.jpg"
  "k28]_rnd679_fg_3191_2038_48_48.jpg"
  "k28]_rnd679_fg_3158_1704_48_48.jpg"
  "k28]_rnd679_fg_3103_1759_48_48.jpg"
  "k28]_rnd679_fg_2830_1657_48_48.jpg"
  "k28]_rnd679_fg_3595_1289_60_60.jpg"
  "k28]_rnd679_fg_3855_1303_48_48.jpg"
  "k28]_rnd679_fg_3633_1453_48_48.jpg"
  "k28]_rnd679_fg_3550_1474_48_48.jpg"
  "k28]_rnd679_fg_3554_1517_48_48.jpg"
  "k28]_rnd679_fg_3587_1618_48_48.jpg"
  "k28]_rnd679_fg_3629_1724_48_48.jpg"
  "k28]_rnd679_fg_3433_2496_48_48.jpg"
  "k28]_rnd679_fg_3309_1948_36_36.jpg"
  "k28]_rnd679_fg_2287_1405_48_48.jpg"
  "k28]_rnd679_fg_1745_23_60_60.jpg"
  "k28]_rnd679_fg_1995_1286_60_60.jpg"
  "k28]_rnd679_fg_1567_1816_60_60.jpg"
  "k28]_rnd679_fg_1235_1031_60_60.jpg"</images>
</opencv_storage>
