<?xml version="1.0"?>
<opencv_storage>
<images>
  "k29_rnd553_fg_430_849_48_48.jpg" "k29_rnd553_fg_346_837_48_48.jpg"
  "k29_rnd553_fg_1349_1105_48_48.jpg"
  "k29_rnd553_fg_1235_1052_48_48.jpg" "k29_rnd553_fg_1298_975_36_36.jpg"
  "k29_rnd553_fg_1281_952_36_36.jpg" "k29_rnd553_fg_1280_908_48_48.jpg"
  "k29_rnd553_fg_1329_1251_48_48.jpg"
  "k29_rnd553_fg_1305_1211_48_48.jpg"
  "k29_rnd553_fg_1488_1400_48_48.jpg"
  "k29_rnd553_fg_1567_1398_48_48.jpg"
  "k29_rnd553_fg_1600_1449_48_48.jpg"
  "k29_rnd553_fg_1565_1524_48_48.jpg"
  "k29_rnd553_fg_1660_1552_60_60.jpg"
  "k29_rnd553_fg_1720_1445_48_48.jpg"
  "k29_rnd553_fg_1729_1534_48_48.jpg"
  "k29_rnd553_fg_1858_1457_36_36.jpg"
  "k29_rnd553_fg_1944_1600_48_48.jpg"
  "k29_rnd553_fg_1769_1782_48_48.jpg"
  "k29_rnd553_fg_1652_1866_60_60.jpg"
  "k29_rnd553_fg_2045_1794_48_48.jpg"
  "k29_rnd553_fg_2227_1715_60_60.jpg"
  "k29_rnd553_fg_2360_1546_48_48.jpg"
  "k29_rnd553_fg_2342_1735_60_60.jpg"
  "k29_rnd553_fg_2250_1901_48_48.jpg"
  "k29_rnd553_fg_2363_1908_60_60.jpg"
  "k29_rnd553_fg_2279_1575_48_48.jpg"
  "k29_rnd553_fg_2229_1448_48_48.jpg"
  "k29_rnd553_fg_2245_1501_48_48.jpg"
  "k29_rnd553_fg_2038_1268_48_48.jpg"
  "k29_rnd553_fg_2027_1302_48_48.jpg"
  "k29_rnd553_fg_2876_1731_60_60.jpg"
  "k29_rnd553_fg_2852_1698_48_48.jpg"
  "k29_rnd553_fg_3163_1785_48_48.jpg"
  "k29_rnd553_fg_3337_1772_48_48.jpg"
  "k29_rnd553_fg_3365_1731_48_48.jpg"
  "k29_rnd553_fg_2989_1754_48_48.jpg"
  "k29_rnd553_fg_3086_1721_48_48.jpg"
  "k29_rnd553_fg_3025_1780_48_48.jpg"
  "k29_rnd553_fg_2992_1956_60_60.jpg"
  "k29_rnd553_fg_2973_2049_48_48.jpg"
  "k29_rnd553_fg_3160_2084_60_60.jpg"
  "k29_rnd553_fg_3154_2180_48_48.jpg"
  "k29_rnd553_fg_3149_2028_48_48.jpg"
  "k29_rnd553_fg_2951_2156_48_48.jpg"
  "k29_rnd553_fg_2796_2085_48_48.jpg"
  "k29_rnd553_fg_2883_2218_60_60.jpg"
  "k29_rnd553_fg_2690_2046_48_48.jpg"
  "k29_rnd553_fg_2888_1816_60_60.jpg"
  "k29_rnd553_fg_2932_1881_48_48.jpg"
  "k29_rnd553_fg_3032_2128_48_48.jpg"
  "k29_rnd553_fg_3102_2325_48_48.jpg"
  "k29_rnd553_fg_2984_2362_48_48.jpg"
  "k29_rnd553_fg_3258_2325_48_48.jpg"
  "k29_rnd553_fg_3304_2342_48_48.jpg"
  "k29_rnd553_fg_3217_2392_36_36.jpg"
  "k29_rnd553_fg_3290_2520_36_36.jpg"
  "k29_rnd553_fg_3479_2408_36_36.jpg"
  "k29_rnd553_fg_3396_2399_36_36.jpg"
  "k29_rnd553_fg_3312_2489_36_36.jpg"
  "k29_rnd553_fg_3709_2362_36_36.jpg"
  "k29_rnd553_fg_3737_2040_36_36.jpg"
  "k29_rnd553_fg_3367_2070_48_48.jpg"
  "k29_rnd553_fg_3526_1808_48_48.jpg"
  "k29_rnd553_fg_3787_1961_36_36.jpg"
  "k29_rnd553_fg_3425_1433_48_48.jpg"
  "k29_rnd553_fg_3536_1305_48_48.jpg"
  "k29_rnd553_fg_3481_1520_48_48.jpg"
  "k29_rnd553_fg_3634_1196_48_48.jpg" "k29_rnd553_fg_3866_722_48_48.jpg"
  "k29_rnd553_fg_3763_1376_60_60.jpg"
  "k29_rnd553_fg_1427_1001_48_48.jpg"
  "k29_rnd553_fg_1519_1274_48_48.jpg"
  "k29_rnd553_fg_1577_1208_60_60.jpg" "k29_rnd553_fg_972_713_48_48.jpg"
  "k29_rnd553_fg_599_750_48_48.jpg" "k29_rnd553_fg_165_1236_60_60.jpg"</images>
</opencv_storage>
