<?xml version="1.0"?>
<opencv_storage>
<images>
  "k30_rnd552_bg_5_1717_24_24.jpg" "k30_rnd552_bg_781_2455_36_36.jpg"
  "k30_rnd552_bg_2358_1451_48_48.jpg"
  "k30_rnd552_bg_1408_2698_60_60.jpg"
  "k30_rnd552_bg_3337_2275_24_24.jpg" "k30_rnd552_bg_704_2607_36_36.jpg"
  "k30_rnd552_bg_2864_1552_48_48.jpg" "k30_rnd552_bg_1222_45_60_60.jpg"
  "k30_rnd552_bg_370_1110_24_24.jpg" "k30_rnd552_bg_595_503_36_36.jpg"
  "k30_rnd552_bg_3985_1347_48_48.jpg" "k30_rnd552_bg_478_14_60_60.jpg"
  "k30_rnd552_bg_36_1151_24_24.jpg" "k30_rnd552_bg_2150_1734_36_36.jpg"
  "k30_rnd552_bg_668_1997_60_60.jpg" "k30_rnd552_bg_1828_1073_24_24.jpg"
  "k30_rnd552_bg_230_1844_36_36.jpg" "k30_rnd552_bg_3158_2427_48_48.jpg"
  "k30_rnd552_bg_2089_909_60_60.jpg" "k30_rnd552_bg_3552_2214_24_24.jpg"
  "k30_rnd552_bg_3865_2810_36_36.jpg" "k30_rnd552_bg_2174_430_48_48.jpg"
  "k30_rnd552_bg_1857_708_60_60.jpg" "k30_rnd552_bg_3497_638_24_24.jpg"
  "k30_rnd552_bg_3152_2561_36_36.jpg"
  "k30_rnd552_bg_4019_3023_48_48.jpg"
  "k30_rnd552_bg_2458_1182_60_60.jpg" "k30_rnd552_bg_1079_906_24_24.jpg"
  "k30_rnd552_bg_3397_72_36_36.jpg" "k30_rnd552_bg_1515_280_48_48.jpg"
  "k30_rnd552_bg_2722_169_60_60.jpg" "k30_rnd552_bg_35_2800_24_24.jpg"
  "k30_rnd552_bg_1115_828_36_36.jpg" "k30_rnd552_bg_2370_2090_48_48.jpg"
  "k30_rnd552_bg_3367_2188_60_60.jpg" "k30_rnd552_bg_1966_625_24_24.jpg"
  "k30_rnd552_bg_3007_1422_36_36.jpg"
  "k30_rnd552_bg_1846_2870_48_48.jpg" "k30_rnd552_bg_2992_326_60_60.jpg"
  "k30_rnd552_bg_2429_1174_24_24.jpg"
  "k30_rnd552_bg_2972_1848_36_36.jpg"
  "k30_rnd552_bg_2307_1092_48_48.jpg" "k30_rnd552_bg_609_678_60_60.jpg"
  "k30_rnd552_bg_1724_2447_24_24.jpg"
  "k30_rnd552_bg_2091_3005_36_36.jpg"
  "k30_rnd552_bg_3030_1044_48_48.jpg" "k30_rnd552_bg_679_1979_60_60.jpg"
  "k30_rnd552_bg_1995_193_24_24.jpg" "k30_rnd552_bg_2829_1532_36_36.jpg"
  "k30_rnd552_bg_594_2871_48_48.jpg" "k30_rnd552_bg_569_2726_60_60.jpg"
  "k30_rnd552_bg_2810_923_24_24.jpg" "k30_rnd552_bg_1724_213_36_36.jpg"
  "k30_rnd552_bg_3897_2065_48_48.jpg" "k30_rnd552_bg_615_2642_60_60.jpg"
  "k30_rnd552_bg_3332_1774_24_24.jpg" "k30_rnd552_bg_773_540_36_36.jpg"
  "k30_rnd552_bg_3294_1437_48_48.jpg" "k30_rnd552_bg_625_1517_60_60.jpg"
  "k30_rnd552_bg_2969_1236_24_24.jpg"
  "k30_rnd552_bg_1130_1726_36_36.jpg"
  "k30_rnd552_bg_2750_2285_48_48.jpg"
  "k30_rnd552_bg_2902_1431_60_60.jpg" "k30_rnd552_bg_498_1121_24_24.jpg"
  "k30_rnd552_bg_3375_106_36_36.jpg" "k30_rnd552_bg_2084_2004_48_48.jpg"
  "k30_rnd552_bg_1713_315_60_60.jpg" "k30_rnd552_bg_3850_2808_24_24.jpg"
  "k30_rnd552_bg_2222_1050_36_36.jpg"
  "k30_rnd552_bg_1901_1133_48_48.jpg" "k30_rnd552_bg_3404_954_60_60.jpg"
  "k30_rnd552_bg_1849_828_24_24.jpg" "k30_rnd552_bg_3975_904_36_36.jpg"
  "k30_rnd552_bg_2980_1715_48_48.jpg" "k30_rnd552_bg_787_2293_60_60.jpg"
  "k30_rnd552_bg_3404_1212_24_24.jpg"
  "k30_rnd552_bg_2025_2702_36_36.jpg" "k30_rnd552_bg_110_3007_48_48.jpg"
  "k30_rnd552_bg_2301_152_60_60.jpg" "k30_rnd552_bg_2155_591_24_24.jpg"
  "k30_rnd552_bg_3409_1902_36_36.jpg" "k30_rnd552_bg_2651_598_48_48.jpg"
  "k30_rnd552_bg_3385_371_60_60.jpg" "k30_rnd552_bg_445_2265_24_24.jpg"
  "k30_rnd552_bg_1270_2857_36_36.jpg" "k30_rnd552_bg_563_2208_60_60.jpg"
  "k30_rnd552_bg_3385_2157_24_24.jpg"
  "k30_rnd552_bg_2427_2268_36_36.jpg" "k30_rnd552_bg_1018_436_48_48.jpg"
  "k30_rnd552_bg_6_183_60_60.jpg" "k30_rnd552_bg_3270_2598_24_24.jpg"
  "k30_rnd552_bg_851_350_36_36.jpg" "k30_rnd552_bg_2230_43_48_48.jpg"
  "k30_rnd552_bg_457_1368_60_60.jpg" "k30_rnd552_bg_3051_2091_24_24.jpg"
  "k30_rnd552_bg_2197_224_36_36.jpg" "k30_rnd552_bg_1760_610_48_48.jpg"
  "k30_rnd552_bg_2798_874_60_60.jpg" "k30_rnd552_bg_1771_708_24_24.jpg"
  "k30_rnd552_bg_2336_1616_36_36.jpg" "k30_rnd552_bg_2534_484_48_48.jpg"
  "k30_rnd552_bg_2026_2900_60_60.jpg"
  "k30_rnd552_bg_2822_2818_24_24.jpg" "k30_rnd552_bg_768_1019_36_36.jpg"
  "k30_rnd552_bg_719_3009_48_48.jpg" "k30_rnd552_bg_1838_3006_60_60.jpg"
  "k30_rnd552_bg_395_1905_24_24.jpg" "k30_rnd552_bg_381_1328_36_36.jpg"
  "k30_rnd552_bg_3755_146_48_48.jpg" "k30_rnd552_bg_3596_873_60_60.jpg"
  "k30_rnd552_bg_921_2344_24_24.jpg" "k30_rnd552_bg_1660_613_36_36.jpg"
  "k30_rnd552_bg_2532_1826_48_48.jpg"
  "k30_rnd552_bg_1815_1404_60_60.jpg"
  "k30_rnd552_bg_2424_1934_24_24.jpg"
  "k30_rnd552_bg_3456_2516_36_36.jpg"
  "k30_rnd552_bg_2519_2180_48_48.jpg"
  "k30_rnd552_bg_2274_1129_60_60.jpg" "k30_rnd552_bg_747_2249_24_24.jpg"
  "k30_rnd552_bg_2244_2747_36_36.jpg" "k30_rnd552_bg_979_571_48_48.jpg"
  "k30_rnd552_bg_2430_2103_60_60.jpg"
  "k30_rnd552_bg_2371_1070_24_24.jpg" "k30_rnd552_bg_1999_244_36_36.jpg"
  "k30_rnd552_bg_2986_1850_48_48.jpg"
  "k30_rnd552_bg_2493_2081_60_60.jpg" "k30_rnd552_bg_3263_454_24_24.jpg"
  "k30_rnd552_bg_2329_2634_36_36.jpg"
  "k30_rnd552_bg_3675_1858_48_48.jpg" "k30_rnd552_bg_2925_130_60_60.jpg"
  "k30_rnd552_bg_2708_2976_24_24.jpg"
  "k30_rnd552_bg_1273_1728_36_36.jpg" "k30_rnd552_bg_1233_525_48_48.jpg"
  "k30_rnd552_bg_436_2617_60_60.jpg" "k30_rnd552_bg_3452_2268_24_24.jpg"
  "k30_rnd552_bg_626_992_36_36.jpg" "k30_rnd552_bg_319_231_48_48.jpg"
  "k30_rnd552_bg_2576_2469_60_60.jpg"
  "k30_rnd552_bg_2210_1366_24_24.jpg" "k30_rnd552_bg_1653_906_36_36.jpg"
  "k30_rnd552_bg_1877_1515_48_48.jpg" "k30_rnd552_bg_613_972_60_60.jpg"
  "k30_rnd552_bg_2993_956_24_24.jpg" "k30_rnd552_bg_3343_2911_36_36.jpg"
  "k30_rnd552_bg_3521_2192_48_48.jpg"
  "k30_rnd552_bg_1206_2843_60_60.jpg" "k30_rnd552_bg_516_200_24_24.jpg"
  "k30_rnd552_bg_3174_1592_36_36.jpg"
  "k30_rnd552_bg_2458_2891_48_48.jpg" "k30_rnd552_bg_290_2637_60_60.jpg"
  "k30_rnd552_bg_2652_981_24_24.jpg" "k30_rnd552_bg_423_1533_36_36.jpg"
  "k30_rnd552_bg_915_877_48_48.jpg" "k30_rnd552_bg_3698_1660_60_60.jpg"
  "k30_rnd552_bg_2688_349_24_24.jpg" "k30_rnd552_bg_1991_1151_36_36.jpg"
  "k30_rnd552_bg_2003_2399_48_48.jpg"
  "k30_rnd552_bg_2047_1151_60_60.jpg"
  "k30_rnd552_bg_2791_1621_24_24.jpg"
  "k30_rnd552_bg_2451_1199_36_36.jpg" "k30_rnd552_bg_23_2140_48_48.jpg"
  "k30_rnd552_bg_404_1876_60_60.jpg" "k30_rnd552_bg_3501_1498_24_24.jpg"
  "k30_rnd552_bg_3022_1508_36_36.jpg"
  "k30_rnd552_bg_1532_2374_48_48.jpg"
  "k30_rnd552_bg_2222_1075_60_60.jpg"
  "k30_rnd552_bg_3876_1922_24_24.jpg" "k30_rnd552_bg_714_1136_36_36.jpg"
  "k30_rnd552_bg_530_2247_48_48.jpg" "k30_rnd552_bg_3825_1843_60_60.jpg"
  "k30_rnd552_bg_112_1005_24_24.jpg" "k30_rnd552_bg_226_1940_36_36.jpg"
  "k30_rnd552_bg_242_996_60_60.jpg" "k30_rnd552_bg_242_936_60_60.jpg"
  "k30_rnd552_bg_242_876_60_60.jpg" "k30_rnd552_bg_182_996_60_60.jpg"
  "k30_rnd552_bg_182_876_60_60.jpg" "k30_rnd552_bg_122_996_60_60.jpg"
  "k30_rnd552_bg_122_936_60_60.jpg" "k30_rnd552_bg_122_876_60_60.jpg"
  "k30_rnd552_bg_357_795_48_48.jpg" "k30_rnd552_bg_357_747_48_48.jpg"
  "k30_rnd552_bg_357_699_48_48.jpg" "k30_rnd552_bg_309_795_48_48.jpg"
  "k30_rnd552_bg_309_699_48_48.jpg" "k30_rnd552_bg_261_795_48_48.jpg"
  "k30_rnd552_bg_261_747_48_48.jpg" "k30_rnd552_bg_261_699_48_48.jpg"
  "k30_rnd552_bg_930_1124_60_60.jpg" "k30_rnd552_bg_930_1064_60_60.jpg"
  "k30_rnd552_bg_930_1004_60_60.jpg" "k30_rnd552_bg_870_1124_60_60.jpg"
  "k30_rnd552_bg_870_1004_60_60.jpg" "k30_rnd552_bg_810_1124_60_60.jpg"
  "k30_rnd552_bg_810_1064_60_60.jpg" "k30_rnd552_bg_810_1004_60_60.jpg"
  "k30_rnd552_bg_1258_1211_48_48.jpg"
  "k30_rnd552_bg_1258_1163_48_48.jpg"
  "k30_rnd552_bg_1258_1115_48_48.jpg"
  "k30_rnd552_bg_1210_1211_48_48.jpg"
  "k30_rnd552_bg_1210_1115_48_48.jpg"
  "k30_rnd552_bg_1162_1211_48_48.jpg"
  "k30_rnd552_bg_1162_1163_48_48.jpg"
  "k30_rnd552_bg_1162_1115_48_48.jpg"
  "k30_rnd552_bg_1136_1245_48_48.jpg"
  "k30_rnd552_bg_1136_1197_48_48.jpg"
  "k30_rnd552_bg_1136_1149_48_48.jpg"
  "k30_rnd552_bg_1088_1245_48_48.jpg"
  "k30_rnd552_bg_1088_1149_48_48.jpg"
  "k30_rnd552_bg_1040_1245_48_48.jpg"
  "k30_rnd552_bg_1040_1197_48_48.jpg"
  "k30_rnd552_bg_1040_1149_48_48.jpg"
  "k30_rnd552_bg_1517_1286_48_48.jpg"
  "k30_rnd552_bg_1517_1238_48_48.jpg"
  "k30_rnd552_bg_1517_1190_48_48.jpg"
  "k30_rnd552_bg_1469_1286_48_48.jpg"
  "k30_rnd552_bg_1469_1190_48_48.jpg"
