<?xml version="1.0"?>
<opencv_storage>
<images>
  "k31_rnd479_bg_5_1717_24_24.jpg" "k31_rnd479_bg_781_2455_36_36.jpg"
  "k31_rnd479_bg_2358_1451_48_48.jpg"
  "k31_rnd479_bg_1408_2698_60_60.jpg"
  "k31_rnd479_bg_3337_2275_24_24.jpg" "k31_rnd479_bg_704_2607_36_36.jpg"
  "k31_rnd479_bg_2864_1552_48_48.jpg" "k31_rnd479_bg_1222_45_60_60.jpg"
  "k31_rnd479_bg_370_1110_24_24.jpg" "k31_rnd479_bg_595_503_36_36.jpg"
  "k31_rnd479_bg_3985_1347_48_48.jpg" "k31_rnd479_bg_478_14_60_60.jpg"
  "k31_rnd479_bg_36_1151_24_24.jpg" "k31_rnd479_bg_2426_1836_48_48.jpg"
  "k31_rnd479_bg_668_1997_60_60.jpg" "k31_rnd479_bg_1828_1073_24_24.jpg"
  "k31_rnd479_bg_230_1844_36_36.jpg" "k31_rnd479_bg_3158_2427_48_48.jpg"
  "k31_rnd479_bg_2089_909_60_60.jpg" "k31_rnd479_bg_3552_2214_24_24.jpg"
  "k31_rnd479_bg_3865_2810_36_36.jpg" "k31_rnd479_bg_2174_430_48_48.jpg"
  "k31_rnd479_bg_1857_708_60_60.jpg" "k31_rnd479_bg_3497_638_24_24.jpg"
  "k31_rnd479_bg_3152_2561_36_36.jpg"
  "k31_rnd479_bg_4019_3023_48_48.jpg"
  "k31_rnd479_bg_2458_1182_60_60.jpg" "k31_rnd479_bg_1079_906_24_24.jpg"
  "k31_rnd479_bg_3397_72_36_36.jpg" "k31_rnd479_bg_1515_280_48_48.jpg"
  "k31_rnd479_bg_2722_169_60_60.jpg" "k31_rnd479_bg_35_2800_24_24.jpg"
  "k31_rnd479_bg_1115_828_36_36.jpg" "k31_rnd479_bg_2370_2090_48_48.jpg"
  "k31_rnd479_bg_3367_2188_60_60.jpg" "k31_rnd479_bg_1966_625_24_24.jpg"
  "k31_rnd479_bg_3007_1422_36_36.jpg"
  "k31_rnd479_bg_1846_2870_48_48.jpg" "k31_rnd479_bg_2992_326_60_60.jpg"
  "k31_rnd479_bg_2429_1174_24_24.jpg"
  "k31_rnd479_bg_2972_1848_36_36.jpg"
  "k31_rnd479_bg_2307_1092_48_48.jpg" "k31_rnd479_bg_609_678_60_60.jpg"
  "k31_rnd479_bg_1724_2447_24_24.jpg"
  "k31_rnd479_bg_2091_3005_36_36.jpg"
  "k31_rnd479_bg_3030_1044_48_48.jpg" "k31_rnd479_bg_679_1979_60_60.jpg"
  "k31_rnd479_bg_1995_193_24_24.jpg" "k31_rnd479_bg_2829_1532_36_36.jpg"
  "k31_rnd479_bg_594_2871_48_48.jpg" "k31_rnd479_bg_569_2726_60_60.jpg"
  "k31_rnd479_bg_2810_923_24_24.jpg" "k31_rnd479_bg_1724_213_36_36.jpg"
  "k31_rnd479_bg_3897_2065_48_48.jpg" "k31_rnd479_bg_615_2642_60_60.jpg"
  "k31_rnd479_bg_3332_1774_24_24.jpg" "k31_rnd479_bg_773_540_36_36.jpg"
  "k31_rnd479_bg_3294_1437_48_48.jpg" "k31_rnd479_bg_625_1517_60_60.jpg"
  "k31_rnd479_bg_2969_1236_24_24.jpg"
  "k31_rnd479_bg_1130_1726_36_36.jpg"
  "k31_rnd479_bg_2750_2285_48_48.jpg"
  "k31_rnd479_bg_2902_1431_60_60.jpg" "k31_rnd479_bg_498_1121_24_24.jpg"
  "k31_rnd479_bg_3375_106_36_36.jpg" "k31_rnd479_bg_2084_2004_48_48.jpg"
  "k31_rnd479_bg_1713_315_60_60.jpg" "k31_rnd479_bg_3850_2808_24_24.jpg"
  "k31_rnd479_bg_2222_1050_36_36.jpg"
  "k31_rnd479_bg_1901_1133_48_48.jpg" "k31_rnd479_bg_3404_954_60_60.jpg"
  "k31_rnd479_bg_1849_828_24_24.jpg" "k31_rnd479_bg_3975_904_36_36.jpg"
  "k31_rnd479_bg_2980_1715_48_48.jpg" "k31_rnd479_bg_787_2293_60_60.jpg"
  "k31_rnd479_bg_3404_1212_24_24.jpg"
  "k31_rnd479_bg_2025_2702_36_36.jpg" "k31_rnd479_bg_110_3007_48_48.jpg"
  "k31_rnd479_bg_2301_152_60_60.jpg" "k31_rnd479_bg_2155_591_24_24.jpg"
  "k31_rnd479_bg_3409_1902_36_36.jpg" "k31_rnd479_bg_2651_598_48_48.jpg"
  "k31_rnd479_bg_3385_371_60_60.jpg" "k31_rnd479_bg_445_2265_24_24.jpg"
  "k31_rnd479_bg_1270_2857_36_36.jpg"
  "k31_rnd479_bg_1153_1017_48_48.jpg" "k31_rnd479_bg_563_2208_60_60.jpg"
  "k31_rnd479_bg_3385_2157_24_24.jpg"
  "k31_rnd479_bg_2427_2268_36_36.jpg" "k31_rnd479_bg_1018_436_48_48.jpg"
  "k31_rnd479_bg_6_183_60_60.jpg" "k31_rnd479_bg_3270_2598_24_24.jpg"
  "k31_rnd479_bg_851_350_36_36.jpg" "k31_rnd479_bg_2230_43_48_48.jpg"
  "k31_rnd479_bg_457_1368_60_60.jpg" "k31_rnd479_bg_3051_2091_24_24.jpg"
  "k31_rnd479_bg_2197_224_36_36.jpg" "k31_rnd479_bg_1760_610_48_48.jpg"
  "k31_rnd479_bg_2798_874_60_60.jpg" "k31_rnd479_bg_1771_708_24_24.jpg"
  "k31_rnd479_bg_2336_1616_36_36.jpg" "k31_rnd479_bg_2534_484_48_48.jpg"
  "k31_rnd479_bg_2026_2900_60_60.jpg"
  "k31_rnd479_bg_2822_2818_24_24.jpg" "k31_rnd479_bg_768_1019_36_36.jpg"
  "k31_rnd479_bg_719_3009_48_48.jpg" "k31_rnd479_bg_1838_3006_60_60.jpg"
  "k31_rnd479_bg_395_1905_24_24.jpg" "k31_rnd479_bg_381_1328_36_36.jpg"
  "k31_rnd479_bg_3755_146_48_48.jpg" "k31_rnd479_bg_3596_873_60_60.jpg"
  "k31_rnd479_bg_167_1188_48_48.jpg" "k31_rnd479_bg_167_1140_48_48.jpg"
  "k31_rnd479_bg_167_1092_48_48.jpg" "k31_rnd479_bg_119_1188_48_48.jpg"
  "k31_rnd479_bg_119_1092_48_48.jpg" "k31_rnd479_bg_71_1188_48_48.jpg"
  "k31_rnd479_bg_71_1140_48_48.jpg" "k31_rnd479_bg_71_1092_48_48.jpg"
  "k31_rnd479_bg_547_657_48_48.jpg" "k31_rnd479_bg_547_609_48_48.jpg"
  "k31_rnd479_bg_547_561_48_48.jpg" "k31_rnd479_bg_499_657_48_48.jpg"
  "k31_rnd479_bg_499_561_48_48.jpg" "k31_rnd479_bg_451_657_48_48.jpg"
  "k31_rnd479_bg_451_609_48_48.jpg" "k31_rnd479_bg_451_561_48_48.jpg"
  "k31_rnd479_bg_963_738_48_48.jpg" "k31_rnd479_bg_963_690_48_48.jpg"
  "k31_rnd479_bg_963_642_48_48.jpg" "k31_rnd479_bg_915_738_48_48.jpg"
  "k31_rnd479_bg_915_642_48_48.jpg" "k31_rnd479_bg_867_738_48_48.jpg"
  "k31_rnd479_bg_867_690_48_48.jpg" "k31_rnd479_bg_867_642_48_48.jpg"
  "k31_rnd479_bg_954_592_48_48.jpg" "k31_rnd479_bg_954_544_48_48.jpg"
  "k31_rnd479_bg_954_496_48_48.jpg" "k31_rnd479_bg_906_592_48_48.jpg"
  "k31_rnd479_bg_906_496_48_48.jpg" "k31_rnd479_bg_858_592_48_48.jpg"
  "k31_rnd479_bg_858_544_48_48.jpg" "k31_rnd479_bg_858_496_48_48.jpg"
  "k31_rnd479_bg_1148_668_48_48.jpg" "k31_rnd479_bg_1148_620_48_48.jpg"
  "k31_rnd479_bg_1148_572_48_48.jpg" "k31_rnd479_bg_1100_668_48_48.jpg"
  "k31_rnd479_bg_1100_572_48_48.jpg" "k31_rnd479_bg_1052_668_48_48.jpg"
  "k31_rnd479_bg_1052_620_48_48.jpg" "k31_rnd479_bg_1052_572_48_48.jpg"
  "k31_rnd479_bg_1156_909_48_48.jpg" "k31_rnd479_bg_1156_861_48_48.jpg"
  "k31_rnd479_bg_1156_813_48_48.jpg" "k31_rnd479_bg_1108_909_48_48.jpg"
  "k31_rnd479_bg_1108_813_48_48.jpg" "k31_rnd479_bg_1060_909_48_48.jpg"
  "k31_rnd479_bg_1060_861_48_48.jpg" "k31_rnd479_bg_1060_813_48_48.jpg"
  "k31_rnd479_bg_1000_866_48_48.jpg" "k31_rnd479_bg_1000_818_48_48.jpg"
  "k31_rnd479_bg_1000_770_48_48.jpg" "k31_rnd479_bg_952_866_48_48.jpg"
  "k31_rnd479_bg_952_770_48_48.jpg" "k31_rnd479_bg_904_866_48_48.jpg"
  "k31_rnd479_bg_904_818_48_48.jpg" "k31_rnd479_bg_904_770_48_48.jpg"
  "k31_rnd479_bg_1287_1026_48_48.jpg" "k31_rnd479_bg_1287_978_48_48.jpg"
  "k31_rnd479_bg_1287_930_48_48.jpg" "k31_rnd479_bg_1239_1026_48_48.jpg"
  "k31_rnd479_bg_1239_930_48_48.jpg" "k31_rnd479_bg_1191_1026_48_48.jpg"
  "k31_rnd479_bg_1191_978_48_48.jpg" "k31_rnd479_bg_1191_930_48_48.jpg"
  "k31_rnd479_bg_1158_995_48_48.jpg" "k31_rnd479_bg_1158_947_48_48.jpg"
  "k31_rnd479_bg_1158_899_48_48.jpg" "k31_rnd479_bg_1110_995_48_48.jpg"
  "k31_rnd479_bg_1110_899_48_48.jpg" "k31_rnd479_bg_1062_995_48_48.jpg"
  "k31_rnd479_bg_1062_947_48_48.jpg" "k31_rnd479_bg_1062_899_48_48.jpg"
  "k31_rnd479_bg_1203_1110_48_48.jpg"
  "k31_rnd479_bg_1203_1062_48_48.jpg"
  "k31_rnd479_bg_1203_1014_48_48.jpg"
  "k31_rnd479_bg_1155_1110_48_48.jpg"
  "k31_rnd479_bg_1155_1014_48_48.jpg"
  "k31_rnd479_bg_1107_1110_48_48.jpg"
  "k31_rnd479_bg_1107_1062_48_48.jpg"
  "k31_rnd479_bg_1107_1014_48_48.jpg"
  "k31_rnd479_bg_1294_1111_48_48.jpg"
  "k31_rnd479_bg_1294_1063_48_48.jpg"
  "k31_rnd479_bg_1294_1015_48_48.jpg"
  "k31_rnd479_bg_1246_1015_48_48.jpg"
  "k31_rnd479_bg_1198_1111_48_48.jpg"
  "k31_rnd479_bg_1198_1063_48_48.jpg"
  "k31_rnd479_bg_1198_1015_48_48.jpg"
  "k31_rnd479_bg_1305_1165_48_48.jpg"
  "k31_rnd479_bg_1305_1117_48_48.jpg"
  "k31_rnd479_bg_1305_1069_48_48.jpg"
  "k31_rnd479_bg_1257_1165_48_48.jpg"
  "k31_rnd479_bg_1209_1117_48_48.jpg"
  "k31_rnd479_bg_1209_1069_48_48.jpg"
  "k31_rnd479_bg_1242_1229_48_48.jpg"
  "k31_rnd479_bg_1242_1181_48_48.jpg"
  "k31_rnd479_bg_1194_1229_48_48.jpg"
  "k31_rnd479_bg_1194_1133_48_48.jpg"
  "k31_rnd479_bg_1146_1229_48_48.jpg"
  "k31_rnd479_bg_1146_1181_48_48.jpg"
  "k31_rnd479_bg_1146_1133_48_48.jpg"
  "k31_rnd479_bg_1363_1249_48_48.jpg"
  "k31_rnd479_bg_1363_1201_48_48.jpg"
  "k31_rnd479_bg_1315_1249_48_48.jpg"
  "k31_rnd479_bg_1315_1153_48_48.jpg"
  "k31_rnd479_bg_1267_1249_48_48.jpg"
  "k31_rnd479_bg_1267_1201_48_48.jpg"
  "k31_rnd479_bg_1267_1153_48_48.jpg"
