<?xml version="1.0"?>
<opencv_storage>
<images>
  "k19_rnd979_bg_1142_1074_24_24.jpg"
  "k19_rnd979_bg_1571_2056_36_36.jpg" "k19_rnd979_bg_2775_965_48_48.jpg"
  "k19_rnd979_bg_182_2043_60_60.jpg" "k19_rnd979_bg_3422_489_24_24.jpg"
  "k19_rnd979_bg_1010_2823_36_36.jpg" "k19_rnd979_bg_1403_944_48_48.jpg"
  "k19_rnd979_bg_1942_361_60_60.jpg" "k19_rnd979_bg_978_2550_24_24.jpg"
  "k19_rnd979_bg_2071_1784_36_36.jpg" "k19_rnd979_bg_363_2372_48_48.jpg"
  "k19_rnd979_bg_1718_2509_60_60.jpg" "k19_rnd979_bg_2350_157_24_24.jpg"
  "k19_rnd979_bg_803_1446_36_36.jpg" "k19_rnd979_bg_3052_787_48_48.jpg"
  "k19_rnd979_bg_2426_2131_24_24.jpg"
  "k19_rnd979_bg_1163_2062_36_36.jpg" "k19_rnd979_bg_151_2565_48_48.jpg"
  "k19_rnd979_bg_3252_309_60_60.jpg" "k19_rnd979_bg_521_1601_24_24.jpg"
  "k19_rnd979_bg_3342_608_36_36.jpg" "k19_rnd979_bg_1964_552_48_48.jpg"
  "k19_rnd979_bg_2361_2787_60_60.jpg"
  "k19_rnd979_bg_2733_1166_24_24.jpg" "k19_rnd979_bg_682_753_36_36.jpg"
  "k19_rnd979_bg_2710_2996_48_48.jpg" "k19_rnd979_bg_123_367_60_60.jpg"
  "k19_rnd979_bg_479_329_24_24.jpg" "k19_rnd979_bg_1367_442_36_36.jpg"
  "k19_rnd979_bg_1771_856_48_48.jpg" "k19_rnd979_bg_1825_2119_60_60.jpg"
  "k19_rnd979_bg_2259_84_24_24.jpg" "k19_rnd979_bg_2088_2630_36_36.jpg"
  "k19_rnd979_bg_1250_517_48_48.jpg" "k19_rnd979_bg_1999_2508_60_60.jpg"
  "k19_rnd979_bg_1035_258_24_24.jpg" "k19_rnd979_bg_2660_587_36_36.jpg"
  "k19_rnd979_bg_2_927_48_48.jpg" "k19_rnd979_bg_3217_2402_60_60.jpg"
  "k19_rnd979_bg_2956_1815_24_24.jpg" "k19_rnd979_bg_913_1535_36_36.jpg"
  "k19_rnd979_bg_265_2876_48_48.jpg" "k19_rnd979_bg_3230_1830_60_60.jpg"
  "k19_rnd979_bg_3860_1907_24_24.jpg" "k19_rnd979_bg_230_570_36_36.jpg"
  "k19_rnd979_bg_2699_2008_48_48.jpg" "k19_rnd979_bg_2711_657_60_60.jpg"
  "k19_rnd979_bg_2791_3037_24_24.jpg"
  "k19_rnd979_bg_1413_2016_36_36.jpg"
  "k19_rnd979_bg_1927_1880_48_48.jpg"
  "k19_rnd979_bg_1438_1135_60_60.jpg"
  "k19_rnd979_bg_3852_2777_24_24.jpg" "k19_rnd979_bg_3140_185_36_36.jpg"
  "k19_rnd979_bg_2744_1686_48_48.jpg" "k19_rnd979_bg_3023_288_60_60.jpg"
  "k19_rnd979_bg_2340_645_24_24.jpg" "k19_rnd979_bg_2927_1487_36_36.jpg"
  "k19_rnd979_bg_539_991_48_48.jpg" "k19_rnd979_bg_35_2263_60_60.jpg"
  "k19_rnd979_bg_3839_778_24_24.jpg" "k19_rnd979_bg_2643_2909_36_36.jpg"
  "k19_rnd979_bg_2542_316_48_48.jpg" "k19_rnd979_bg_3860_2422_60_60.jpg"
  "k19_rnd979_bg_3261_1281_24_24.jpg"
  "k19_rnd979_bg_2397_2749_36_36.jpg" "k19_rnd979_bg_1187_579_48_48.jpg"
  "k19_rnd979_bg_2689_449_60_60.jpg" "k19_rnd979_bg_890_710_24_24.jpg"
  "k19_rnd979_bg_3016_1099_36_36.jpg" "k19_rnd979_bg_407_1405_48_48.jpg"
  "k19_rnd979_bg_417_260_60_60.jpg" "k19_rnd979_bg_2721_377_24_24.jpg"
  "k19_rnd979_bg_946_2233_36_36.jpg" "k19_rnd979_bg_2097_1329_48_48.jpg"
  "k19_rnd979_bg_3781_2771_60_60.jpg"
  "k19_rnd979_bg_1016_2449_24_24.jpg" "k19_rnd979_bg_3870_665_36_36.jpg"
  "k19_rnd979_bg_1154_2910_48_48.jpg" "k19_rnd979_bg_1964_542_60_60.jpg"
  "k19_rnd979_bg_4044_823_24_24.jpg" "k19_rnd979_bg_2358_2516_36_36.jpg"
  "k19_rnd979_bg_1186_1592_48_48.jpg"
  "k19_rnd979_bg_2976_1416_60_60.jpg"
  "k19_rnd979_bg_1429_1328_24_24.jpg" "k19_rnd979_bg_2674_188_36_36.jpg"
  "k19_rnd979_bg_2485_647_48_48.jpg" "k19_rnd979_bg_2204_2835_60_60.jpg"
  "k19_rnd979_bg_3019_1160_24_24.jpg" "k19_rnd979_bg_3475_560_36_36.jpg"
  "k19_rnd979_bg_2618_789_48_48.jpg" "k19_rnd979_bg_3716_1167_60_60.jpg"
  "k19_rnd979_bg_1186_711_24_24.jpg" "k19_rnd979_bg_1327_420_36_36.jpg"
  "k19_rnd979_bg_1542_760_48_48.jpg" "k19_rnd979_bg_1880_2924_60_60.jpg"
  "k19_rnd979_bg_766_238_36_36.jpg" "k19_rnd979_bg_3195_2812_48_48.jpg"
  "k19_rnd979_bg_3672_1707_60_60.jpg" "k19_rnd979_bg_3725_183_24_24.jpg"
  "k19_rnd979_bg_601_1615_36_36.jpg" "k19_rnd979_bg_1462_1958_48_48.jpg"
  "k19_rnd979_bg_3254_2225_60_60.jpg" "k19_rnd979_bg_3293_574_24_24.jpg"
  "k19_rnd979_bg_946_562_36_36.jpg" "k19_rnd979_bg_2936_1281_48_48.jpg"
  "k19_rnd979_bg_1275_1006_60_60.jpg" "k19_rnd979_bg_680_1373_60_60.jpg"
  "k19_rnd979_bg_680_1313_60_60.jpg" "k19_rnd979_bg_680_1253_60_60.jpg"
  "k19_rnd979_bg_620_1373_60_60.jpg" "k19_rnd979_bg_620_1253_60_60.jpg"
  "k19_rnd979_bg_560_1373_60_60.jpg" "k19_rnd979_bg_560_1313_60_60.jpg"
  "k19_rnd979_bg_560_1253_60_60.jpg" "k19_rnd979_bg_824_1399_60_60.jpg"
  "k19_rnd979_bg_824_1339_60_60.jpg" "k19_rnd979_bg_824_1279_60_60.jpg"
  "k19_rnd979_bg_764_1279_60_60.jpg" "k19_rnd979_bg_704_1399_60_60.jpg"
  "k19_rnd979_bg_704_1339_60_60.jpg" "k19_rnd979_bg_704_1279_60_60.jpg"
  "k19_rnd979_bg_890_1367_48_48.jpg" "k19_rnd979_bg_890_1319_48_48.jpg"
  "k19_rnd979_bg_890_1271_48_48.jpg" "k19_rnd979_bg_842_1367_48_48.jpg"
  "k19_rnd979_bg_842_1271_48_48.jpg" "k19_rnd979_bg_794_1271_48_48.jpg"
  "k19_rnd979_bg_815_1481_60_60.jpg" "k19_rnd979_bg_815_1421_60_60.jpg"
  "k19_rnd979_bg_815_1361_60_60.jpg" "k19_rnd979_bg_755_1481_60_60.jpg"
  "k19_rnd979_bg_695_1481_60_60.jpg" "k19_rnd979_bg_695_1421_60_60.jpg"
  "k19_rnd979_bg_695_1361_60_60.jpg" "k19_rnd979_bg_914_1520_60_60.jpg"
  "k19_rnd979_bg_914_1460_60_60.jpg" "k19_rnd979_bg_914_1400_60_60.jpg"
  "k19_rnd979_bg_854_1520_60_60.jpg" "k19_rnd979_bg_854_1400_60_60.jpg"
  "k19_rnd979_bg_794_1520_60_60.jpg" "k19_rnd979_bg_794_1460_60_60.jpg"
  "k19_rnd979_bg_794_1400_60_60.jpg" "k19_rnd979_bg_1062_1620_48_48.jpg"
  "k19_rnd979_bg_1062_1572_48_48.jpg"
  "k19_rnd979_bg_1062_1524_48_48.jpg"
  "k19_rnd979_bg_1014_1620_48_48.jpg"
  "k19_rnd979_bg_1014_1524_48_48.jpg" "k19_rnd979_bg_966_1620_48_48.jpg"
  "k19_rnd979_bg_966_1572_48_48.jpg" "k19_rnd979_bg_1143_1599_48_48.jpg"
  "k19_rnd979_bg_1143_1551_48_48.jpg"
  "k19_rnd979_bg_1143_1503_48_48.jpg"
  "k19_rnd979_bg_1095_1599_48_48.jpg"
  "k19_rnd979_bg_1095_1503_48_48.jpg"
  "k19_rnd979_bg_1047_1551_48_48.jpg"
  "k19_rnd979_bg_1047_1503_48_48.jpg"
  "k19_rnd979_bg_1012_1824_48_48.jpg"
  "k19_rnd979_bg_1012_1728_48_48.jpg" "k19_rnd979_bg_964_1824_48_48.jpg"
  "k19_rnd979_bg_964_1776_48_48.jpg" "k19_rnd979_bg_964_1728_48_48.jpg"
  "k19_rnd979_bg_1103_1845_48_48.jpg"
  "k19_rnd979_bg_1103_1797_48_48.jpg"
  "k19_rnd979_bg_1103_1749_48_48.jpg"
  "k19_rnd979_bg_1055_1845_48_48.jpg"
  "k19_rnd979_bg_1007_1845_48_48.jpg"
  "k19_rnd979_bg_1189_1846_48_48.jpg"
  "k19_rnd979_bg_1189_1798_48_48.jpg"
  "k19_rnd979_bg_1189_1750_48_48.jpg"
  "k19_rnd979_bg_1141_1846_48_48.jpg"
  "k19_rnd979_bg_1141_1750_48_48.jpg"
  "k19_rnd979_bg_1093_1846_48_48.jpg"
  "k19_rnd979_bg_1093_1798_48_48.jpg"
  "k19_rnd979_bg_1093_1750_48_48.jpg"
  "k19_rnd979_bg_1074_1650_36_36.jpg"
  "k19_rnd979_bg_1074_1614_36_36.jpg"
  "k19_rnd979_bg_1074_1578_36_36.jpg"
  "k19_rnd979_bg_1038_1650_36_36.jpg"
  "k19_rnd979_bg_1002_1650_36_36.jpg"
  "k19_rnd979_bg_1002_1614_36_36.jpg"
  "k19_rnd979_bg_1280_1613_48_48.jpg"
  "k19_rnd979_bg_1280_1565_48_48.jpg"
  "k19_rnd979_bg_1280_1517_48_48.jpg"
  "k19_rnd979_bg_1232_1613_48_48.jpg"
  "k19_rnd979_bg_1232_1517_48_48.jpg"
  "k19_rnd979_bg_1184_1613_48_48.jpg"
  "k19_rnd979_bg_1184_1565_48_48.jpg"
  "k19_rnd979_bg_1184_1517_48_48.jpg"
  "k19_rnd979_bg_1036_1547_36_36.jpg"
  "k19_rnd979_bg_1036_1511_36_36.jpg"
  "k19_rnd979_bg_1036_1475_36_36.jpg"
  "k19_rnd979_bg_1000_1475_36_36.jpg" "k19_rnd979_bg_964_1475_36_36.jpg"
  "k19_rnd979_bg_1023_1523_48_48.jpg"
  "k19_rnd979_bg_1023_1475_48_48.jpg" "k19_rnd979_bg_975_1571_48_48.jpg"
  "k19_rnd979_bg_975_1475_48_48.jpg" "k19_rnd979_bg_927_1571_48_48.jpg"
  "k19_rnd979_bg_927_1523_48_48.jpg" "k19_rnd979_bg_927_1475_48_48.jpg"
  "k19_rnd979_bg_1337_1850_48_48.jpg"
  "k19_rnd979_bg_1337_1802_48_48.jpg"
  "k19_rnd979_bg_1337_1754_48_48.jpg"
  "k19_rnd979_bg_1289_1850_48_48.jpg"
  "k19_rnd979_bg_1289_1754_48_48.jpg"
  "k19_rnd979_bg_1241_1850_48_48.jpg"
  "k19_rnd979_bg_1241_1802_48_48.jpg"
  "k19_rnd979_bg_1241_1754_48_48.jpg"
  "k19_rnd979_bg_1471_1842_48_48.jpg"
  "k19_rnd979_bg_1471_1794_48_48.jpg"
  "k19_rnd979_bg_1471_1746_48_48.jpg"
  "k19_rnd979_bg_1423_1842_48_48.jpg"
  "k19_rnd979_bg_1423_1746_48_48.jpg"
  "k19_rnd979_bg_1375_1842_48_48.jpg"
  "k19_rnd979_bg_1375_1794_48_48.jpg"
  "k19_rnd979_bg_1375_1746_48_48.jpg"
