<?xml version="1.0"?>
<opencv_storage>
<images>
  "k29_rnd553_bg_5_1717_24_24.jpg" "k29_rnd553_bg_781_2455_36_36.jpg"
  "k29_rnd553_bg_2358_1451_48_48.jpg"
  "k29_rnd553_bg_1408_2698_60_60.jpg"
  "k29_rnd553_bg_3337_2275_24_24.jpg" "k29_rnd553_bg_704_2607_36_36.jpg"
  "k29_rnd553_bg_2864_1552_48_48.jpg" "k29_rnd553_bg_1222_45_60_60.jpg"
  "k29_rnd553_bg_370_1110_24_24.jpg" "k29_rnd553_bg_595_503_36_36.jpg"
  "k29_rnd553_bg_3985_1347_48_48.jpg" "k29_rnd553_bg_478_14_60_60.jpg"
  "k29_rnd553_bg_36_1151_24_24.jpg" "k29_rnd553_bg_2150_1734_36_36.jpg"
  "k29_rnd553_bg_2426_1836_48_48.jpg" "k29_rnd553_bg_668_1997_60_60.jpg"
  "k29_rnd553_bg_1828_1073_24_24.jpg" "k29_rnd553_bg_230_1844_36_36.jpg"
  "k29_rnd553_bg_3158_2427_48_48.jpg" "k29_rnd553_bg_2089_909_60_60.jpg"
  "k29_rnd553_bg_3552_2214_24_24.jpg"
  "k29_rnd553_bg_3865_2810_36_36.jpg" "k29_rnd553_bg_2174_430_48_48.jpg"
  "k29_rnd553_bg_1857_708_60_60.jpg" "k29_rnd553_bg_3497_638_24_24.jpg"
  "k29_rnd553_bg_3152_2561_36_36.jpg"
  "k29_rnd553_bg_4019_3023_48_48.jpg"
  "k29_rnd553_bg_2458_1182_60_60.jpg" "k29_rnd553_bg_1079_906_24_24.jpg"
  "k29_rnd553_bg_3397_72_36_36.jpg" "k29_rnd553_bg_1515_280_48_48.jpg"
  "k29_rnd553_bg_2722_169_60_60.jpg" "k29_rnd553_bg_35_2800_24_24.jpg"
  "k29_rnd553_bg_1115_828_36_36.jpg" "k29_rnd553_bg_2370_2090_48_48.jpg"
  "k29_rnd553_bg_3367_2188_60_60.jpg" "k29_rnd553_bg_1966_625_24_24.jpg"
  "k29_rnd553_bg_3007_1422_36_36.jpg"
  "k29_rnd553_bg_1846_2870_48_48.jpg" "k29_rnd553_bg_2992_326_60_60.jpg"
  "k29_rnd553_bg_2429_1174_24_24.jpg"
  "k29_rnd553_bg_2972_1848_36_36.jpg"
  "k29_rnd553_bg_2307_1092_48_48.jpg" "k29_rnd553_bg_609_678_60_60.jpg"
  "k29_rnd553_bg_1724_2447_24_24.jpg"
  "k29_rnd553_bg_2091_3005_36_36.jpg"
  "k29_rnd553_bg_3030_1044_48_48.jpg" "k29_rnd553_bg_679_1979_60_60.jpg"
  "k29_rnd553_bg_1995_193_24_24.jpg" "k29_rnd553_bg_2829_1532_36_36.jpg"
  "k29_rnd553_bg_594_2871_48_48.jpg" "k29_rnd553_bg_569_2726_60_60.jpg"
  "k29_rnd553_bg_2810_923_24_24.jpg" "k29_rnd553_bg_1724_213_36_36.jpg"
  "k29_rnd553_bg_3897_2065_48_48.jpg" "k29_rnd553_bg_615_2642_60_60.jpg"
  "k29_rnd553_bg_773_540_36_36.jpg" "k29_rnd553_bg_3294_1437_48_48.jpg"
  "k29_rnd553_bg_625_1517_60_60.jpg" "k29_rnd553_bg_2969_1236_24_24.jpg"
  "k29_rnd553_bg_1130_1726_36_36.jpg"
  "k29_rnd553_bg_2750_2285_48_48.jpg"
  "k29_rnd553_bg_2902_1431_60_60.jpg" "k29_rnd553_bg_498_1121_24_24.jpg"
  "k29_rnd553_bg_3375_106_36_36.jpg" "k29_rnd553_bg_2084_2004_48_48.jpg"
  "k29_rnd553_bg_1713_315_60_60.jpg" "k29_rnd553_bg_3850_2808_24_24.jpg"
  "k29_rnd553_bg_2222_1050_36_36.jpg"
  "k29_rnd553_bg_1901_1133_48_48.jpg" "k29_rnd553_bg_3404_954_60_60.jpg"
  "k29_rnd553_bg_1849_828_24_24.jpg" "k29_rnd553_bg_3975_904_36_36.jpg"
  "k29_rnd553_bg_2980_1715_48_48.jpg" "k29_rnd553_bg_787_2293_60_60.jpg"
  "k29_rnd553_bg_3404_1212_24_24.jpg"
  "k29_rnd553_bg_2025_2702_36_36.jpg" "k29_rnd553_bg_110_3007_48_48.jpg"
  "k29_rnd553_bg_2301_152_60_60.jpg" "k29_rnd553_bg_2155_591_24_24.jpg"
  "k29_rnd553_bg_3409_1902_36_36.jpg" "k29_rnd553_bg_2651_598_48_48.jpg"
  "k29_rnd553_bg_3385_371_60_60.jpg" "k29_rnd553_bg_445_2265_24_24.jpg"
  "k29_rnd553_bg_1270_2857_36_36.jpg"
  "k29_rnd553_bg_1153_1017_48_48.jpg" "k29_rnd553_bg_563_2208_60_60.jpg"
  "k29_rnd553_bg_3385_2157_24_24.jpg"
  "k29_rnd553_bg_2427_2268_36_36.jpg" "k29_rnd553_bg_1018_436_48_48.jpg"
  "k29_rnd553_bg_6_183_60_60.jpg" "k29_rnd553_bg_3270_2598_24_24.jpg"
  "k29_rnd553_bg_851_350_36_36.jpg" "k29_rnd553_bg_2230_43_48_48.jpg"
  "k29_rnd553_bg_457_1368_60_60.jpg" "k29_rnd553_bg_3051_2091_24_24.jpg"
  "k29_rnd553_bg_2197_224_36_36.jpg" "k29_rnd553_bg_1760_610_48_48.jpg"
  "k29_rnd553_bg_2798_874_60_60.jpg" "k29_rnd553_bg_1771_708_24_24.jpg"
  "k29_rnd553_bg_2336_1616_36_36.jpg" "k29_rnd553_bg_2534_484_48_48.jpg"
  "k29_rnd553_bg_2026_2900_60_60.jpg"
  "k29_rnd553_bg_2822_2818_24_24.jpg" "k29_rnd553_bg_768_1019_36_36.jpg"
  "k29_rnd553_bg_719_3009_48_48.jpg" "k29_rnd553_bg_1838_3006_60_60.jpg"
  "k29_rnd553_bg_395_1905_24_24.jpg" "k29_rnd553_bg_381_1328_36_36.jpg"
  "k29_rnd553_bg_3755_146_48_48.jpg" "k29_rnd553_bg_3596_873_60_60.jpg"
  "k29_rnd553_bg_921_2344_24_24.jpg" "k29_rnd553_bg_1660_613_36_36.jpg"
  "k29_rnd553_bg_2532_1826_48_48.jpg"
  "k29_rnd553_bg_1815_1404_60_60.jpg"
  "k29_rnd553_bg_2424_1934_24_24.jpg"
  "k29_rnd553_bg_3456_2516_36_36.jpg"
  "k29_rnd553_bg_2519_2180_48_48.jpg"
  "k29_rnd553_bg_2274_1129_60_60.jpg" "k29_rnd553_bg_747_2249_24_24.jpg"
  "k29_rnd553_bg_2244_2747_36_36.jpg" "k29_rnd553_bg_979_571_48_48.jpg"
  "k29_rnd553_bg_2430_2103_60_60.jpg"
  "k29_rnd553_bg_2371_1070_24_24.jpg" "k29_rnd553_bg_1999_244_36_36.jpg"
  "k29_rnd553_bg_2986_1850_48_48.jpg"
  "k29_rnd553_bg_2493_2081_60_60.jpg" "k29_rnd553_bg_3263_454_24_24.jpg"
  "k29_rnd553_bg_2329_2634_36_36.jpg"
  "k29_rnd553_bg_3675_1858_48_48.jpg" "k29_rnd553_bg_2925_130_60_60.jpg"
  "k29_rnd553_bg_2708_2976_24_24.jpg"
  "k29_rnd553_bg_1273_1728_36_36.jpg" "k29_rnd553_bg_1233_525_48_48.jpg"
  "k29_rnd553_bg_436_2617_60_60.jpg" "k29_rnd553_bg_3452_2268_24_24.jpg"
  "k29_rnd553_bg_626_992_36_36.jpg" "k29_rnd553_bg_319_231_48_48.jpg"
  "k29_rnd553_bg_2576_2469_60_60.jpg"
  "k29_rnd553_bg_2210_1366_24_24.jpg" "k29_rnd553_bg_1653_906_36_36.jpg"
  "k29_rnd553_bg_1877_1515_48_48.jpg" "k29_rnd553_bg_613_972_60_60.jpg"
  "k29_rnd553_bg_2993_956_24_24.jpg" "k29_rnd553_bg_3343_2911_36_36.jpg"
  "k29_rnd553_bg_3521_2192_48_48.jpg"
  "k29_rnd553_bg_1206_2843_60_60.jpg" "k29_rnd553_bg_516_200_24_24.jpg"
  "k29_rnd553_bg_3174_1592_36_36.jpg"
  "k29_rnd553_bg_2458_2891_48_48.jpg" "k29_rnd553_bg_290_2637_60_60.jpg"
  "k29_rnd553_bg_2652_981_24_24.jpg" "k29_rnd553_bg_423_1533_36_36.jpg"
  "k29_rnd553_bg_478_897_48_48.jpg" "k29_rnd553_bg_478_849_48_48.jpg"
  "k29_rnd553_bg_478_801_48_48.jpg" "k29_rnd553_bg_430_897_48_48.jpg"
  "k29_rnd553_bg_430_801_48_48.jpg" "k29_rnd553_bg_382_897_48_48.jpg"
  "k29_rnd553_bg_382_849_48_48.jpg" "k29_rnd553_bg_382_801_48_48.jpg"
  "k29_rnd553_bg_394_885_48_48.jpg" "k29_rnd553_bg_394_837_48_48.jpg"
  "k29_rnd553_bg_394_789_48_48.jpg" "k29_rnd553_bg_346_885_48_48.jpg"
  "k29_rnd553_bg_346_789_48_48.jpg" "k29_rnd553_bg_298_885_48_48.jpg"
  "k29_rnd553_bg_298_837_48_48.jpg" "k29_rnd553_bg_298_789_48_48.jpg"
  "k29_rnd553_bg_1397_1153_48_48.jpg"
  "k29_rnd553_bg_1397_1105_48_48.jpg"
  "k29_rnd553_bg_1397_1057_48_48.jpg"
  "k29_rnd553_bg_1349_1153_48_48.jpg"
  "k29_rnd553_bg_1349_1057_48_48.jpg"
  "k29_rnd553_bg_1301_1153_48_48.jpg"
  "k29_rnd553_bg_1301_1105_48_48.jpg"
  "k29_rnd553_bg_1301_1057_48_48.jpg"
  "k29_rnd553_bg_1283_1100_48_48.jpg"
  "k29_rnd553_bg_1283_1052_48_48.jpg"
  "k29_rnd553_bg_1283_1004_48_48.jpg"
  "k29_rnd553_bg_1235_1100_48_48.jpg"
  "k29_rnd553_bg_1235_1004_48_48.jpg"
  "k29_rnd553_bg_1187_1100_48_48.jpg"
  "k29_rnd553_bg_1187_1052_48_48.jpg"
  "k29_rnd553_bg_1187_1004_48_48.jpg"
  "k29_rnd553_bg_1334_1011_36_36.jpg" "k29_rnd553_bg_1334_975_36_36.jpg"
  "k29_rnd553_bg_1334_939_36_36.jpg" "k29_rnd553_bg_1298_1011_36_36.jpg"
  "k29_rnd553_bg_1262_1011_36_36.jpg" "k29_rnd553_bg_1262_975_36_36.jpg"
  "k29_rnd553_bg_1262_939_36_36.jpg" "k29_rnd553_bg_1317_988_36_36.jpg"
  "k29_rnd553_bg_1317_952_36_36.jpg" "k29_rnd553_bg_1317_916_36_36.jpg"
  "k29_rnd553_bg_1281_988_36_36.jpg" "k29_rnd553_bg_1245_988_36_36.jpg"
  "k29_rnd553_bg_1245_952_36_36.jpg" "k29_rnd553_bg_1245_916_36_36.jpg"
  "k29_rnd553_bg_1328_956_48_48.jpg" "k29_rnd553_bg_1328_908_48_48.jpg"
  "k29_rnd553_bg_1328_860_48_48.jpg" "k29_rnd553_bg_1280_860_48_48.jpg"
  "k29_rnd553_bg_1232_956_48_48.jpg" "k29_rnd553_bg_1232_908_48_48.jpg"
  "k29_rnd553_bg_1232_860_48_48.jpg" "k29_rnd553_bg_1377_1299_48_48.jpg"
  "k29_rnd553_bg_1377_1251_48_48.jpg"
  "k29_rnd553_bg_1377_1203_48_48.jpg"
  "k29_rnd553_bg_1329_1299_48_48.jpg"
  "k29_rnd553_bg_1281_1299_48_48.jpg"
  "k29_rnd553_bg_1281_1251_48_48.jpg"
  "k29_rnd553_bg_1353_1211_48_48.jpg"
  "k29_rnd553_bg_1353_1163_48_48.jpg"
  "k29_rnd553_bg_1305_1163_48_48.jpg"
  "k29_rnd553_bg_1257_1259_48_48.jpg"
  "k29_rnd553_bg_1257_1211_48_48.jpg"
